00000000000
11000011000
11000111900
11000211900
11000311900
11000411900
11000511900
11000611900
11000711900
11000811900
11000911900
11001011900
11001111900
11001211900
11001311900
11001411900
11001511900
11001811900
11002011900
11002511900
11002611900
11002811900
11002911900
11003011900
11003211900
11003311900
11003411900
11003711900
11004011900
11004511900
11005011900
11006011900
11007011900
11008011900
11009011900
11009211900
11009411900
11010011900
11011011900
11012011900
11013011900
11014011900
11014311900
11014511900
11014611900
11014711900
11014811900
11014911900
11015011900
11015511900
11016011900
11017011900
11017511900
11018011900
12000012000
12000112900
12000512900
12001012900
12001312900
12001712900
12002012900
12002512900
12003012900
12003212900
12003312900
12003412900
12003512900
12003812900
12003912900
12004012900
12004212900
12004312900
12004512900
12005012900
12006012900
12007012900
12008012900
13000013000
13000213091
13000613012
13000813082
13001013082
13001413072
13002013011
13003013031
13004013032
13005013022
13006013011
13006313082
13006813021
13007013061
13008013071
13008313082
13009013062
13010013052
13011013031
13011513031
13012013081
13013013081
13014013051
13015013051
13016013013
13016513053
13017013072
13018013053
13018513031
13019013041
13019513052
13020013041
13021013091
13022013091
13023013013
13024013062
13025013082
13025513031
13026013031
13027013072
13028013091
13029013021
13030013022
13031013031
13032013082
13033013071
13034013022
13035013061
13035313031
13035613031
13036013032
13037013012
13038013032
13039013011
13039513041
13040013041
13040613011
13041013062
13042013091
13042313012
13042613091
13043013041
13044013041
14000014000
14000214900
14000514900
14001014900
14001514900
14001714900
14002014900
14002314900
14002814900
14003014900
14004014900
14004514900
14004714900
14005014900
14006014900
14007014900
15000015000
15001015900
15001315900
15002015900
15003015900
15003415900
15004015900
15005015900
15006015900
15007015900
15008015900
15008515900
15009015900
15009515900
15010015900
15011015900
15012015900
15012515900
15013015900
15014015900
15014515900
15015015900
15015715900
15016015900
15017015900
15017215900
15017515900
15017815900
15018015900
15019015900
15019515900
15020015900
15021015900
15021515900
15022015900
15023015900
15024015900
15025015900
15026015900
15027015900
15027515900
15027615900
15027715900
15028015900
15028515900
15029015900
15029315900
15029515900
15030015900
15030415900
15030715900
15030915900
15031015900
15032015900
15033015900
15034015900
15034515900
15035015900
15036015900
15037015900
15037515900
15038015900
15039015900
15040015900
15040515900
15041015900
15042015900
15043015900
15044015900
15044215900
15044515900
15045015900
15046015900
15047015900
15047515900
15048015900
15049015900
15049515900
15049715900
15050015900
15050315900
15050615900
15051015900
15052015900
15053015900
15054015900
15054315900
15054815900
15054915900
15055015900
15055315900
15055515900
15056015900
15056315900
15056515900
15057015900
15058015900
15059015900
15060015900
15061015900
15061115900
15061315900
15061615900
15061815900
15061915900
15062015900
15063015900
15063515900
15064015900
15065015900
15065515900
15065815900
15066015900
15067015900
15068015900
15069015900
15070015900
15071015900
15071515900
15072015900
15073015900
15074015900
15074515900
15074615900
15074715900
15075015900
15076015900
15077015900
15077515900
15078015900
15079015900
15079515900
15079615900
15079715900
15080015900
15080315900
15080515900
15080815900
15081015900
15081215900
15081515900
15082015900
15083015900
15083515900
15084015900
16000016000
16000516900
16001016900
16001516900
16002016900
16002116900
16002316900
16002516900
16002716900
16003016900
16004016900
16005016900
16005316900
16005516900
16006016900
16007016900
16008016900
17000017000
17002517900
17003017900
17003517900
17004017900
17007017900
17010017900
17010517900
17011017900
17013017900
17019017900
17020017900
17021017900
17021517900
17022017900
17023017900
17024017900
17025517900
17027017900
17029017900
17030017900
17030517900
17030717900
17031017900
17032017900
17033017900
17036017900
17037017900
17038017900
17038217900
17038417900
17038617900
17038817900
17038917900
17039017900
17041017900
17046017900
17051017900
17055017900
17055517900
17056017900
17060017900
17061017900
17062517900
17065017900
17070017900
17071017900
17072017900
17073017900
17074017900
17075517900
17076517900
17077017900
17082017900
17082517900
17083017900
17090017900
17093017900
17095017900
17098017900
17105017900
17107017900
17109017900
17111017900
17115017900
17118017900
17119017900
17119517900
17120017900
17121517900
17124017900
17124517900
17125017900
17127017900
17128017900
17132017900
17133017900
17136017900
17137017900
17138017900
17139517900
17142017900
17143017900
17148817900
17150017900
17151017900
17151517900
17152517900
17155017900
17157017900
17157517900
17161017900
17162017900
17163017900
17165017900
17166017900
17166517900
17167017900
17170017900
17172017900
17175017900
17178017900
17179017900
17180017900
17182017900
17183017900
17184017900
17184517900
17185017900
17185517900
17186517900
17187017900
17187517900
17188017900
17188417900
17188617900
17188817900
17188917900
17189017900
17190017900
17200017900
17201017900
17201517900
17202017900
17202517900
17203017900
17204917900
17206517900
17208017900
17208517900
17209017900
17209317900
17209717900
17210017900
17211017900
17212017900
17212517900
17213017900
17220817900
17221017900
21000021000
21000521900
21001021900
21001521900
21002021900
21003021900
21004021900
21004321900
21004721900
21005021900
21005521900
21006021900
21007021900
21008021900
21008321900
21008721900
21009021900
21009521900
21010021900
21011021900
21012021900
21012521900
21013021900
21013521900
21014021900
21015021900
21016021900
21017021900
21017321900
21017721900
21018021900
21019021900
21019321900
21019721900
21020021900
21020321900
21020721900
21021021900
21021521900
21022021900
21023021900
21023221900
21023521900
21023721900
21024021900
21025021900
21025521900
21026021900
21027021900
21027521900
21028021900
21029021900
21030021900
21031021900
21031221900
21031521900
21031721900
21032021900
21032521900
21033021900
21034021900
21035021900
21035521900
21036021900
21037021900
21037521900
21038021900
21039021900
21040021900
21040521900
21040721900
21040821900
21040921900
21041021900
21042021900
21043021900
21044021900
21045021900
21045521900
21046021900
21046221900
21046521900
21046721900
21047021900
21048021900
21049021900
21050021900
21051021900
21051521900
21052021900
21053021900
21053521900
21054021900
21054221900
21054521900
21054721900
21055021900
21056021900
21056521900
21057021900
21058021900
21059021900
21059221900
21059421900
21059621900
21059821900
21060021900
21061021900
21062021900
21063021900
21063221900
21063521900
21063721900
21064021900
21065021900
21066021900
21066321900
21066721900
21067021900
21067521900
21068021900
21069021900
21070021900
21071021900
21072021900
21072521900
21073021900
21073521900
21074021900
21074521900
21075021900
21076021900
21077021900
21078021900
21079021900
21080021900
21080521900
21081021900
21082021900
21082521900
21083021900
21084021900
21084521900
21085021900
21086021900
21087021900
21088021900
21089021900
21090021900
21090521900
21091021900
21092021900
21092321900
21092721900
21093021900
21094021900
21094521900
21095021900
21095521900
21096021900
21097021900
21097521900
21098021900
21099021900
21100021900
21100321900
21101021900
21102021900
21102321900
21102721900
21103021900
21104021900
21105021900
21106021900
21106521900
21107021900
21108021900
21108521900
21109021900
21110021900
21110221900
21110521900
21110721900
21111021900
21112021900
21112521900
21113021900
21114021900
21115021900
21115321900
21115721900
21116021900
21116321900
21116721900
21117021900
21117221900
21117421900
21117621900
21117821900
21118021900
21119021900
21119521900
21120021900
21121021900
21122021900
21122321900
21122721900
21123021900
21124021900
21124521900
21125021900
21126021900
21127021900
21128021900
21128521900
21129021900
21130021900
21140021900
22000022000
22000522900
22001022900
22002022900
22002522900
22002722900
22003022900
22004022900
22004522900
22005022900
22006022900
22007022900
22008022900
22009022900
22009522900
22010022900
22010522900
22011022900
22011522900
22011722900
22012022900
22013022900
22014022900
22015022900
22015522900
22015722900
22016022900
22017022900
22017322900
22017722900
22018022900
22019022900
22019122900
22019222900
22019422900
22019622900
22019822900
22020022900
22020222900
22020522900
22020722900
22020822900
22020922900
22021022900
22021122900
22021322900
22021722900
22022022900
22022522900
22023022900
22024022900
22024522900
22025022900
22025322900
22025522900
22026022900
22026522900
22027022900
22027122900
22027222900
22027322900
22027522900
22027722900
22028022900
22028522900
22029022900
22030022900
22031022900
22032022900
22032322900
22032522900
22032722900
22033022900
22033522900
22034022900
22034222900
22034522900
22035022900
22036022900
22037022900
22037522900
22038022900
22038522900
22039022900
22040022900
22041022900
22041522900
22042022900
22043022900
22043522900
22044022900
22045022900
22045522900
22046022900
22046522900
22047022900
22048022900
22049022900
22050022900
22051022900
22051522900
22052022900
22052522900
22052722900
22053022900
22053522900
22054022900
22054522900
22055022900
22055122900
22055222900
22055322900
22055422900
22055522900
22055622900
22055722900
22055822900
22055922900
22056022900
22057022900
22058022900
22058522900
22059022900
22059522900
22060022900
22060522900
22061022900
22062022900
22063022900
22063522900
22064022900
22065022900
22066022900
22066522900
22066722900
22066922900
22067022900
22067222900
22067522900
22068022900
22069022900
22069522900
22070022900
22071022900
22072022900
22073022900
22073522900
22074022900
22075022900
22075522900
22076022900
22077022900
22077522900
22077722900
22077922900
22078022900
22078522900
22079022900
22079322900
22079522900
22080022900
22081022900
22082022900
22083022900
22084022900
22085022900
22085522900
22086022900
22086522900
22087022900
22088022900
22088522900
22088722900
22089022900
22090022900
22091022900
22091522900
22092022900
22093022900
22093522900
22093722900
22094022900
22094522900
22095022900
22095522900
22096022900
22096522900
22097022900
22097522900
22098022900
22098522900
22098722900
22099022900
22099522900
22099722900
22100022900
22100522900
22101022900
22102022900
22103022900
22103522900
22103722900
22103822900
22103922900
22104022900
22105022900
22106022900
22106222900
22106322900
22106522900
22107022900
22108022900
22109022900
22109322900
22109522900
22109722900
22110022900
22111022900
22112022900
22113022900
22113522900
22114022900
22115022900
22116022900
22117022900
23000023000
23001023900
23001523900
23002023900
23003023900
23004023900
23005023900
23006023900
23007023900
23007523900
23008023900
23009023900
23010023900
23011023900
23012023900
23012523900
23013023900
23014023900
23015023900
23016023900
23017023900
23018023900
23018523900
23019023900
23019523900
23020023900
23020523900
23021023900
23022023900
23023023900
23024023900
23025023900
23026023900
23027023900
23028023900
23029023900
23030023900
23031023900
23032023900
23033023900
23034023900
23035023900
23036023900
23036523900
23037023900
23038023900
23039023900
23039323900
23039523900
23040023900
23041023900
23042023900
23042323900
23042523900
23042623900
23042723900
23042823900
23043023900
23043523900
23044023900
23044523900
23045023900
23046023900
23046523900
23047023900
23048023900
23049023900
23049523900
23050023900
23051023900
23052023900
23052323900
23052623900
23053023900
23053323900
23053523900
23054023900
23055023900
23056023900
23056523900
23057023900
23058023900
23059023900
23060023900
23061023900
23062023900
23062523900
23063023900
23064023900
23065023900
23065523900
23066023900
23067023900
23068023900
23069023900
23070023900
23071023900
23072023900
23072523900
23073023900
23074023900
23075023900
23076023900
23076323900
23076523900
23077023900
23078023900
23079023900
23080023900
23081023900
23082023900
23083023900
23083523900
23083723900
23084023900
23085023900
23086023900
23087023900
23088023900
23089023900
23090023900
23091023900
23092023900
23093023900
23094023900
23094523900
23095023900
23096023900
23097023900
23098023900
23099023900
23100023900
23101023900
23102023900
23102523900
23103023900
23104023900
23105023900
23106023900
23107023900
23108023900
23108523900
23109023900
23109523900
23110023900
23111023900
23112023900
23112323900
23112623900
23113023900
23113523900
23114023900
23115023900
23116023900
23117023900
23118023900
23119023900
23119523900
23120023900
23121023900
23122023900
23123023900
23124023900
23125023900
23126023900
23127023900
23128023900
23129023900
23130023900
23131023900
23132023900
23132523900
23133023900
23133523900
23134023900
23135023900
23135523900
23136023900
23137023900
23137523900
23138023900
23139023900
23139523900
23140023900
23141023900
24000024000
24001024900
24002024900
24003024900
24004024900
24005024900
24006024900
24007024900
24008024900
24009024900
24010024900
24011024900
24012024900
24013024900
24014024900
24014524900
24015024900
24016024900
24016524900
24017024900
24018024900
24018524900
24019024900
24020024900
24021024900
24022024900
24023024900
24024024900
24025024900
24026024900
24027024900
24028024900
24029024900
24030024900
24031024900
24032024900
24032524900
24033024900
24034024900
24035024900
24036024900
24037024900
24037524900
24038024900
24039024900
24040024900
24041024900
24042024900
24043024900
24044024900
24045024900
24046024900
24047024900
24048024900
24048524900
24049024900
24050024900
24051024900
24052024900
24053024900
24054024900
24055024900
24056024900
24057024900
24058024900
24059024900
24060024900
24061024900
24061524900
24062024900
24063024900
24064024900
24065024900
24066024900
24067024900
24068024900
24069024900
24070024900
24071024900
24072024900
24072524900
24073024900
24074024900
24075024900
24076024900
24077024900
24078024900
24079024900
24080024900
24081024900
24082024900
24083024900
24084024900
24085024900
24086024900
24087024900
24088024900
24089024900
24089524900
24091024900
24092024900
24093024900
24093324900
24094024900
24095024900
24096024900
24097024900
24098024900
24099024900
24100024900
24101024900
24102024900
24102524900
24103024900
24104024900
24105024900
24106024900
24107024900
24108024900
24109024900
24110024900
24110524900
24111024900
24112024900
24114024900
24114224900
24115024900
24116024900
24117024900
24118024900
24119024900
24120024900
24121024900
24122024900
24123024900
24124024900
24125024900
24125524900
24126024900
24127024900
24128024900
24129024900
24130024900
24131024900
24132024900
24133024900
24133524900
24134024900
24135024900
24135524900
24136024900
24137024900
24138024900
24139024900
24140024900
24141024900
24141524900
24142024900
24143024900
24144024900
24144524900
24145024900
24146024900
24147024900
24147524900
24148024900
24149024900
24150024900
25000025000
25001025900
25002025900
25003025900
25004025900
25005025900
25005325900
25005725900
25006025900
25007025900
25007325900
25007725900
25008025900
25009025900
25010025900
25011025900
25011525900
25012025900
25013025900
25013525900
25014025900
25015025900
25015325900
25015725900
25016025900
25017025900
25018025900
25019025900
25020025900
25020525900
25021025900
25021525900
25022025900
25023025900
25024025900
25025025900
25026025900
25027025900
25028025900
25029025900
25030025900
25031025900
25032025900
25033025900
25034025900
25035025900
25035525900
25036025900
25037025900
25037525900
25038025900
25039025900
25040025900
25040325900
25040725900
25041025900
25041525900
25042025900
25043025900
25043525900
25044025900
25045025900
25046025900
25047025900
25048025900
25048525900
25049025900
25050025900
25051025900
25052025900
25052325900
25052725900
25053025900
25053525900
25054025900
25055025900
25056025900
25057025900
25058025900
25059025900
25060025900
25061025900
25062025900
25062525900
25063025900
25064025900
25065025900
25066025900
25067025900
25068025900
25069025900
25070025900
25071025900
25072025900
25073025900
25074025900
25075025900
25076025900
25077025900
25078025900
25079025900
25080025900
25081025900
25082025900
25083025900
25084025900
25085025900
25085525900
25086025900
25087025900
25088025900
25089025900
25090025900
25090525900
25091025900
25091525900
25092025900
25093025900
25093325900
25093725900
25093925900
25094025900
25095025900
25096025900
25097025900
25098025900
25099025900
25100025900
25101025900
25102025900
25103025900
25104025900
25105025900
25106025900
25106525900
25107025900
25108025900
25109025900
25110025900
25111025900
25112025900
25113025900
25114025900
25115025900
25116025900
25117025900
25118025900
25119025900
25120025900
25120325900
25120725900
25121025900
25122025900
25123025900
25124025900
25125025900
25126025900
25127025900
25127225900
25127425900
25127525900
25127625900
25127825900
25128025900
25129025900
25130025900
25131025900
25131525900
25132025900
25133025900
25133525900
25134025900
25135025900
25136025900
25136525900
25137025900
25138025900
25138525900
25139025900
25139225900
25139425900
25139625900
25139825900
25140025900
25141025900
25142025900
25143025900
25144025900
25144525900
25145025900
25145525900
25146025900
25146525900
25147025900
25148025900
25149025900
25150025900
25151025900
25152025900
25153025900
25154025900
25155025900
25156025900
25157025900
25158025900
25159025900
25159325900
25159725900
25160025900
25161025900
25161525900
25162025900
25163025900
25164025900
25165025900
25166025900
25167025900
25167525900
25168025900
25169025900
25170025900
25171025900
25172025900
25174025900
26000026000
26000526001
26001026900
26002026900
26003026006
26004026900
26005026900
26006026008
26007026900
26008026006
26009026900
26010026900
26010526001
26011026900
26012026010
26013026007
26014026900
26015026900
26016026900
26017026008
26018026900
26019026007
26020026900
26021026900
26022026004
26023026007
26024026900
26025026900
26026026009
26027026005
26028026010
26029026003
26030026900
26031026008
26032026900
26033026900
26034026900
26034526002
26035026007
26036026900
26037026900
26038026900
26039026900
26039226900
26040026005
26041026006
26041526004
26042026900
26043026900
26044026002
26045026002
26046026900
26047026900
26048026900
26049026004
26050026006
26051026010
26051526900
26052026900
26053026900
26054026004
26054526001
26055026900
26056026900
26057026900
26058026009
26059026900
26060026900
26061026002
26062026900
26063026900
26064026007
26065026900
26066026010
26067026006
26068026001
26069026900
26070026011
26071026900
26072026003
26073026900
26074026900
26075026900
26076026001
26076526900
26077026900
26077526001
26078026900
26079026003
26079526900
26080026009
26080526011
26081026004
26082026900
26082526900
26083026900
26084026006
26084526005
26085026005
26086026900
26087026900
26087526900
26088026900
26089026004
26090026900
26091026004
26091526010
26092026900
26093026900
26094026003
26095026005
26096026001
26097026004
26098026900
26099026900
26100026900
26101026900
26102026006
26103026900
26104026900
26105026004
26106026005
26107026001
26108026010
26109026008
26110026011
26111026900
26112026008
26113026002
26114026900
26115026900
26115326900
26116026001
26117026006
26118026900
26119026900
26120026007
26121026004
26122026900
26123026900
26124026008
26124526900
26124726900
26125026009
26125526900
26126026900
26127026009
26128026900
26129026900
26130026008
26131026006
26132026900
26133026007
26134026900
26135026900
26136026900
26137026002
26138026900
26139026900
26140026900
26141026010
26142026900
26143026900
26144026900
26145026004
26146026900
26147026008
26148026011
26148526900
26150026009
26151026900
26152026900
26153026900
26154026009
26155026005
26156026900
26157026900
26158026010
26159026900
26160026010
26161026900
26161826004
26162026009
26163026005
26164026002
26165026900
27000027000
27001027007
27002027003
27003027005
27004027001
27005027001
27006027001
27007027006
27008027009
27009027006
27010027003
27011027011
27012027009
27013027010
27013527012
27014027003
27015027005
27016027008
27017027010
27018027008
27019027010
27020027005
27021027012
27022027001
27023027013
27023527005
27024027007
27025027008
27025527009
27026027005
27027027013
27028027012
27029027005
27030027011
27031027009
27032027004
27033027007
27034027006
27035027002
27036027002
27037027005
27037527003
27038027012
27039027012
27040027013
27041027005
27042027005
27043027001
27044027009
27045027002
27046027008
27047027001
27048027009
27049027009
27050027007
27051027002
27052027001
27053027009
27054027006
27055027011
27056027012
27057027008
27058027007
27059027005
27060027008
27061027008
27062027006
27063027009
27064027006
27064227007
27064427001
27065027002
27066027010
27067027004
27068027004
27069027001
27070027010
27071027007
27072027008
27073027002
27074027002
27075027004
27076027009
27077027001
27078027003
27079027001
27080027008
27081027011
27082027004
27083027011
27084027006
27085027002
27086027003
27087027002
27088027005
27089027001
27089527008
27090027009
27091027005
27091527013
27092027005
27093027011
27094027010
28000028000
28001028900
28002028900
28003028900
28004028900
28005028900
28006028900
28006728900
28007028900
28010028900
28011028900
28012028900
28013028900
28014028900
28015028900
28016028900
28017028900
28019028900
28020028900
28021028900
28022028900
28023028900
28024028900
28025028900
28026028900
28027028900
28028028900
28029028900
28030028900
28031028900
28032028900
28033028900
28034028900
28035028900
28036028900
28037028900
28038028900
28039028900
28040028900
28041028900
28042028900
28043028900
28044028900
28044528900
28045028900
28046028900
28047028900
28048028900
28049028900
28050028900
28051028900
28052028900
28053028900
28054028900
28055028900
28056028900
28057028900
28058028900
28059028900
28060028900
28061028900
28062028900
28063028900
28064028900
28065028900
28066028900
28067028900
28068028900
28069028900
28070028900
28071028900
28072028900
28073028900
28074028900
28075028900
28076028900
29000029000
29001029013
29002029062
29003029051
29003529052
29004029014
29005029081
29006029093
29007029051
29008029032
29009029092
29010029044
29011029011
29011529021
29012029084
29013029012
29013529063
29014029071
29015029011
29016029052
29017029011
29018029063
29019029051
29019529093
29020029081
29020529051
29021029014
29022029051
29022529091
29023029044
29024029092
29025029071
29026029011
29026529052
29027029072
29028029081
29029029084
29030029021
29031029093
29032029071
29032329021
29032729014
29033029092
29034029031
29035029084
29036029014
29037029093
29038029012
29039029073
29039529084
29040029013
29040529012
29041029081
29042029081
29043029093
29044029071
29045029072
29046029081
29047029092
29047529072
29048029083
29048529042
29049029042
29050029082
29051029022
29051529084
29052029082
29053029021
29054029094
29055029022
29056029092
29057029041
29058029094
29059029061
29060029063
29061029073
29062029021
29063029091
29064029011
29065029043
29066029082
29067029084
29068029014
29068229061
29068529011
29068729022
29068929084
29069029032
29070029051
29071029082
29072029061
29073029044
29074029071
29075029051
29075529081
29076029021
29077029062
29078029052
29079029052
29080029092
29081029073
29082029042
29083029044
29084029014
29085029011
29086029041
29087029084
29088029081
29089029011
29090029084
29091029073
29092029052
29093029073
29094029071
29095029093
29096029051
29097029071
29098029042
29099029061
29100029093
29100529041
29101029081
29102029044
29103029044
29104029084
29105029051
29106029051
29107029014
29107229031
29107529052
29107729073
29108029011
29108529063
29109029083
29110029092
29111029071
29112029094
29112529011
29113029021
29114029062
29115029092
29116029042
29116529081
29117029082
29118029031
29118529052
29119029012
29120029082
29121029092
29122029081
29123029083
29124029021
29125029081
29126029012
29127029092
29128029032
29129029093
29130029013
29131029021
29132029072
29133029011
29134029082
29134529094
29135029083
29136029091
29137029051
29138029011
29139029093
29140029011
29141029072
29142029093
29143029093
29144029013
29145029011
29146029021
29146529031
29147029012
29148029092
29149029091
29150029012
29151029093
29152029093
29153029031
29153529021
29154029092
29155029092
29156029032
29157029093
29158029083
29159029051
29160029032
29161029043
29162029092
29163029031
29164029083
29165029051
29166029092
29167029093
29168029083
29168529044
29169029093
29170029063
29171029083
29172029081
29173029094
29173329082
29173529073
29174029082
29175029022
29176029093
29177029063
29178029044
29179029051
29180029093
29181029062
29182029044
29183029093
29183529021
29184029061
29184529032
29185029021
29185529092
29186029081
29187029093
29187529082
29188029044
29189029032
29190029012
29190529093
29191029014
29191529021
29192029043
29193029013
29194029082
29195029081
29195529071
29196029012
29197029083
29198029081
29199029062
29199229043
29199529084
29200029083
29201029022
29202029082
29203029081
29204029093
29204529071
29205029093
29206029042
29207029092
29208029012
29209029091
29210029041
29210529082
29211029032
29212029022
29213029044
29214029022
29214529084
29215029014
29216029072
29217029022
29218029082
29219029013
29220029032
29220529021
29221029011
29222029044
29222529072
29223029042
29224029044
29225029044
29226029094
29226529014
29227029083
29227329011
29227529094
29228029044
29228529012
29229029052
29230029032
29230329013
29230529052
29231029052
29232029072
29233029051
29233529022
29234029082
29235029013
29236029081
29237029072
29238029052
29239029092
29240029062
29240529011
29241029051
29242029062
29243029013
29244029061
29245029082
29246029063
29246529011
29246729094
29247029084
29248029022
29249029093
29250029084
29251029084
29252029041
29252529063
29253029031
29254029083
29255029032
29256029021
29257029084
29257529044
29258029014
29259029014
29259329022
29259529011
29260029061
29261029014
29262029071
29263029011
29264029082
29265029052
29266029052
29266529084
29267029081
29268029082
29269029081
29270029051
29271029062
29272029012
29273029044
29274029043
29275029011
29276029062
29277029031
29278029092
29279029093
29280029014
29280529091
29281029073
29282029073
29283029011
29284029071
29285029044
29286029043
29287029044
29288029011
29289029071
29289529014
29290029042
29290529073
29291029044
29292029043
29292529021
29293029011
29293529092
29293729022
29294029044
29295029043
29296029042
29297029051
29297529043
29298029022
29299029013
29300029082
29301029063
29301529073
29302029061
29303029073
29304029011
29305029014
29306029022
29307029041
29307529073
29307629052
29307729061
29308029013
29309029071
29310029081
29310529082
29311029011
29312029094
29313029022
29313529032
29314029011
29315029014
29316029094
29317029011
29318029084
29319029014
29320029061
29321029044
29322029092
29323029092
29324029021
29324529022
29325029091
29326029082
29327029091
29328029012
29329029094
29330029014
29330529022
29331029022
29331529022
29331729044
29332029043
29332529032
29333029084
29334029012
29334529071
29335029094
29336029021
31000031000
31001031074
31002031024
31003031059
31004031060
31005031037
31006031039
31007031072
31008031033
31009031062
31010031068
31011031040
31012031008
31013031008
31014031007
31015031041
31016031001
31016331013
31017031063
31018031036
31019031005
31020031001
31020531059
31021031013
31022031040
31023031060
31024031026
31025031060
31026031006
31027031068
31028031043
31028531069
31029031013
31030031035
31031031045
31032031024
31033031046
31034031064
31035031075
31036031043
31037031061
31037531075
31038031057
31039031029
31040031070
31041031002
31042031029
31043031001
31044031044
31044531027
31045031058
31046031044
31047031069
31048031019
31049031008
31050031024
31051031030
31052031063
31053031001
31054031021
31055031045
31056031013
31057031060
31059031015
31060031023
31061031043
31062031016
31063031037
31064031016
31065031064
31066031062
31066531056
31067031017
31068031043
31069031047
31070031024
31071031011
31072031043
31073031054
31074031028
31075031043
31076031005
31077031021
31078031034
31079031007
31080031033
31081031017
31082031058
31082531053
31083031007
31084031001
31085031051
31085531077
31086031049
31087031048
31088031037
31089031003
31090031017
31091031007
31092031019
31092531037
31093031058
31094031055
31094531058
31095031002
31096031024
31097031007
31098031073
31099031024
31100031016
31101031042
31102031061
31103031006
31104031033
31105031007
31106031007
31107031010
31108031069
31109031010
31110031001
31111031073
31111531049
31112031033
31113031001
31114031072
31115031070
31116031001
31117031061
31118031073
31119031033
31120031033
31120531039
31121031042
31122031013
31123031027
31124031005
31125031024
31126031073
31126531036
31127031051
31128031005
31129031059
31130031067
31131031014
31132031013
31133031042
31134031034
31135031026
31136031007
31137031066
31138031020
31139031010
31140031033
31141031008
31142031029
31143031057
31144031001
31145031033
31145531071
31146031004
31147031001
31148031008
31149031014
31150031075
31151031005
31152031015
31153031044
31153531021
31154031014
31154531067
31154731052
31155031008
31156031024
31157031038
31158031073
31159031043
31160031059
31161031027
31161531058
31162031043
31163031013
31164031005
31165031054
31166031029
31167031048
31168031026
31169031071
31170031065
31171031001
31172031003
31173031072
31174031059
31175031025
31176031032
31177031008
31178031007
31178331053
31178731025
31179031007
31180031014
31181031026
31182031072
31183031014
31184031040
31185031003
31186031018
31187031011
31188031050
31189031024
31190031012
31191031019
31192031036
31193031074
31194031035
31195031064
31196031043
31197031015
31198031030
31199031007
31199531030
31200031035
31201031026
31201531062
31202031033
31203031051
31204031014
31205031008
31206031017
31207031057
31208031008
31208331038
31208731056
31209031019
31210031026
31211031003
31212031005
31212531072
31213031047
31214031014
31215031013
31216031026
31217031060
31218031035
31219031048
31220031042
31221031038
31222031036
31223031029
31223531068
31224031001
31224531063
31224731058
31225031037
31226031020
31227031060
31228031008
31229031044
31230031015
31231031020
31232031028
31233031048
31234031005
31235031074
31235231059
31236031012
31237031036
31238031054
31238531034
31239031014
31240031048
31241031017
31242031042
31243031052
31244031007
31245031007
31246031041
31247031028
31248031074
31249031045
31250031043
31251031007
31252031001
31253031042
31254031026
31255031026
31256031063
31257031019
31258031036
31259031021
31259531042
31260031017
31261031030
31262031058
31263031005
31264031024
31265031064
31266031054
31267031051
31267531069
31268031069
31269031036
31269531039
31270031071
31270531062
31270731056
31271031071
31272031024
31273031036
31273331052
31273531054
31273731040
31273831043
31274031003
31275031036
31276031026
31277031036
31278031051
31279031074
31280031020
31281031005
31282031060
31282531054
31283031002
31284031048
31285031047
31286031057
31287031002
31288031048
31289031057
31290031048
31291031073
31292031007
31293031037
31294031013
31295031070
31296031055
31296531049
31297031005
31298031018
31299031006
31300031015
31300531049
31301031017
31302031032
31303031030
31304031004
31305031011
31305531034
31306031007
31306531056
31307031075
31308031004
31309031034
31310031024
31311031019
31311531037
31312031059
31313031037
31314031073
31315031007
31316031074
31317031021
31318031038
31319031022
31320031054
31321031053
31322031031
31323031067
31324031003
31325031026
31326031044
31327031069
31328031021
31329031009
31330031008
31331031008
31332031036
31333031065
31334031071
31335031029
31336031007
31337031031
31337531005
31338031031
31339031014
31340031065
31341031040
31342031073
31343031004
31344031071
31345031004
31346031016
31347031063
31348031009
31349031007
31350031035
31350531052
31350731036
31351031052
31352031053
31353031029
31353531049
31354031014
31354531064
31355031060
31356031050
31357031024
31358031063
31359031008
31360031063
31361031037
31362031023
31363031077
31364031054
31365031063
31365231027
31365531039
31365731051
31366031016
31366531017
31367031043
31368031054
31369031002
31369531076
31370031069
31371031057
31372031029
31373031050
31374031015
31375031057
31375331077
31376031025
31377031059
31378031008
31379031014
31380031044
31381031055
31382031004
31383031032
31383531027
31384031044
31385031043
31386031043
31386231071
31386531049
31386731059
31386831049
31387031004
31388031028
31389031062
31390031001
31391031015
31392031069
31392531052
31393031076
31394031059
31395031059
31396031038
31397031024
31398031047
31399031003
31400031022
31401031036
31401531017
31402031047
31403031035
31404031003
31405031028
31405331059
31405531063
31406031020
31407031017
31408031043
31408531052
31409031059
31410031052
31411031025
31412031057
31413031030
31414031065
31415031038
31416031048
31417031037
31418031027
31419031008
31420031049
31421031045
31422031045
31422531076
31423031016
31424031028
31425031019
31426031012
31427031076
31428031075
31429031052
31430031002
31431031074
31431531063
31432031009
31433031054
31434031007
31434531056
31435031024
31436031019
31437031021
31438031007
31439031045
31440031059
31441031002
31442031036
31443031066
31443531037
31443731058
31444031007
31445031015
31446031004
31446531056
31446731038
31447031023
31448031016
31449031069
31450031075
31450531052
31451031002
31452031032
31453031069
31453531062
31453731056
31454031043
31454531054
31455031008
31456031033
31457031046
31458031032
31458531060
31458731042
31459031014
31460031007
31461031022
31462031069
31462531056
31463031067
31464031024
31465031030
31465531052
31466031013
31467031044
31467531063
31469031024
31470031058
31471031032
31472031001
31473031003
31474031024
31475031021
31476031008
31477031033
31478031043
31479031005
31479531049
31480031057
31481031074
31482031045
31483031061
31484031039
31485031062
31486031039
31487031068
31487531042
31488031061
31489031029
31490031042
31491031003
31491531053
31492031070
31493031025
31494031043
31495031047
31496031024
31497031029
31498031070
31499031004
31499531037
31500031069
31501031043
31501531034
31502031060
31503031015
31504031017
31505031030
31505331035
31505731049
31506031031
31507031071
31508031014
31509031003
31510031003
31511031041
31512031055
31513031048
31514031032
31515031005
31516031071
31517031001
31518031006
31519031059
31520031024
31521031060
31521331055
31521731065
31522031052
31523031061
31524031069
31525031007
31526031008
31527031015
31528031075
31529031009
31530031070
31531031048
31532031019
31533031026
31534031057
31535031059
31536031024
31537031024
31538031014
31539031016
31540031060
31541031044
31541531059
31542031015
31543031040
31544031013
31544531058
31545031052
31546031016
31547031004
31548031016
31549031060
31550031060
31551031063
31552031014
31553031017
31554031043
31555031057
31556031056
31557031023
31558031048
31559031043
31560031020
31561031015
31562031047
31563031048
31564031074
31564531045
31565031056
31566031063
31567031016
31568031020
31569031072
31570031056
31571031063
31572031021
31572531034
31572731043
31573031013
31573331015
31573731056
31574031060
31575031036
31576031055
31576531062
31577031070
31578031016
31579031059
31580031021
31581031063
31582031039
31583031011
31584031044
31585031024
31586031043
31587031013
31588031033
31589031059
31589531037
31590031025
31591031014
31592031006
31593031043
31593531034
31594031013
31595031040
31596031007
31597031057
31598031073
31599031033
31600031041
31601031060
31602031026
31603031063
31604031029
31604531056
31605031021
31606031019
31607031046
31608031010
31609031014
31609531034
31610031023
31610531038
31611031049
31612031033
31613031071
31614031045
31615031048
31616031036
31616531036
31617031057
31618031029
31619031021
31620031012
31621031057
31622031005
31622531050
31623031007
31624031049
31624531076
31625031015
31625531059
31625731038
31626031037
31626531050
31627031056
31628031039
31629031047
31629231017
31629431005
31629531025
31630031036
31631031032
31632031003
31633031069
31634031060
31635031039
31636031059
31637031008
31638031061
31639031002
31640031060
31641031039
31642031049
31643031005
31644031007
31644331045
31644731034
31645031039
31646031029
31647031009
31648031021
31649031008
31650031015
31651031009
31652031010
31653031015
31654031003
31655031036
31655331018
31655531069
31655631060
31655731007
31656031047
31657031048
31658031007
31659031026
31660031014
31661031020
31662031013
31663031060
31664031008
31665031020
31666031028
31667031066
31668031057
31669031001
31669531052
31670031008
31671031026
31672031024
31673031048
31674031007
31675031043
31676031059
31677031036
31678031008
31679031048
31680031056
31680531059
31681031070
31682031030
31683031016
31684031036
31685031061
31686031069
31687031035
31688031015
31689031057
31690031048
31690531007
31691031007
31692031042
31693031010
31693531019
31694031011
31695031036
31696031075
31697031027
31698031007
31699031048
31700031049
31700531034
31701031072
31702031075
31703031062
31704031058
31704331071
31704731058
31705031060
31705231049
31705731034
31706031005
31706531056
31707031012
31707531057
31708031055
31709031049
31710031057
31710331052
31710731027
31711031072
31711531034
31712031025
31713031061
31714031045
31715031036
31716031064
31717031008
31718031020
31719031036
31720031048
31721031041
31722031003
32000032000
32001032006
32001332002
32001632002
32002032008
32003032006
32003532002
32004032006
32005032007
32006032003
32007032007
32008032002
32009032002
32010032001
32011032008
32011532006
32012032007
32013032004
32014032007
32015032002
32016032001
32017032006
32018032008
32019032006
32020032008
32021032002
32022032005
32022532002
32023032008
32024032006
32024532008
32025032003
32025532008
32026032007
32026532008
32027032005
32028032007
32029032005
32030032008
32030532001
32031032007
32031332003
32031632005
32032032003
32033032002
32033232007
32033432006
32033532002
32034032007
32035032001
32036032001
32037032008
32038032007
32039032002
32040032002
32040532001
32041032001
32042032006
32042532001
32043032007
32043532003
32044032007
32045032004
32045532005
32046032005
32046532002
32047032002
32048032008
32049032001
32049532002
32050032005
32050132003
32050332007
32050632006
32051032004
32051532002
32051732002
32052032006
32053032004
33000033000
33001033900
33001533900
33002033900
33002233900
33002333900
33002533900
33003033900
33004033900
33004533900
33005033900
33006033900
33007033900
33008033900
33009033900
33009333900
33009533900
33010033900
33011033900
33011533900
33012033900
33013033900
33014033900
33015033900
33016033900
33017033900
33018033900
33018533900
33018733900
33019033900
33020033900
33020533900
33021033900
33022033900
33022533900
33022733900
33023033900
33024033900
33024533900
33025033900
33026033900
33027033900
33028033900
33028533900
33029033900
33030033900
33031033900
33032033900
33033033900
33034033900
33035033900
33036033900
33037033900
33038033900
33038533900
33039033900
33039533900
33040033900
33041033900
33041133900
33041233900
33041433900
33041533900
33042033900
33043033900
33044033900
33045033900
33045233900
33045533900
33046033900
33047033900
33047533900
33048033900
33049033900
33050033900
33051033900
33051333900
33051533900
33052033900
33053033900
33054033900
33055033900
33055533900
33056033900
33057033900
33057533900
33058033900
33059033900
33060033900
33061033900
33061533900
33062033900
33063033900
35000035000
35001035091
35002035156
35003035142
35004035142
35005035074
35005535061
35006035103
35007035062
35007535161
35008035112
35009035051
35010035133
35011035023
35011535163
35012035157
35013035112
35014035093
35015035093
35016035072
35017035031
35018035157
35019035074
35020035104
35021035022
35022035161
35023035063
35024035112
35025035172
35026035153
35027035162
35027535163
35028035021
35029035163
35030035083
35031035061
35031535172
35032035031
35033035101
35033535095
35034035062
35035035172
35036035063
35037035151
35038035072
35039035011
35039535153
35040035092
35041035071
35042035021
35043035062
35044035023
35045035061
35046035155
35047035062
35048035155
35049035172
35050035061
35051035023
35052035064
35053035064
35053535162
35054035121
35055035051
35056035131
35057035014
35058035095
35059035133
35060035062
35061035052
35062035021
35063035094
35063535041
35064035021
35065035023
35066035011
35067035031
35068035064
35069035063
35070035163
35071035071
35071535162
35072035092
35073035064
35074035032
35074535062
35075035063
35076035071
35077035023
35077535023
35078035133
35079035064
35080035162
35081035023
35082035083
35083035062
35084035073
35085035171
35086035172
35087035143
35088035065
35089035112
35090035012
35091035114
35092035012
35092535121
35093035051
35094035133
35094535161
35095035072
35096035073
35097035174
35098035093
35099035121
35099535172
35100035092
35101035033
35101535094
35102035161
35103035163
35104035103
35105035173
35106035014
35107035157
35108035143
35109035133
35110035022
35111035151
35112035151
35113035155
35114035061
35115035161
35116035161
35117035103
35119035023
35120035051
35121035051
35122035101
35123035063
35124035102
35125035023
35126035061
35127035104
35128035072
35129035157
35130035013
35131035132
35132035081
35133035092
35134035172
35135035041
35136035172
35137035034
35138035015
35138535153
35139035143
35140035033
35141035064
35142035153
35143035034
35144035111
35145035062
35146035131
35147035093
35148035121
35149035103
35149235151
35149535151
35150035013
35151035013
35151235112
35151535102
35151835142
35151935094
35152035154
35153035112
35153535115
35154035061
35155035154
35156035151
35156535093
35157035011
35158035111
35159035157
35160035091
35161035092
35162035081
35163035012
35164035012
35165035023
35166035093
35167035093
35168035157
35168535031
35169035157
35170035065
35171035023
35172035065
35173035093
35174035051
35175035155
35176035162
35177035083
35178035022
35179035051
35180035154
35181035093
35182035021
35183035011
35184035172
35185035161
35186035131
35187035041
35188035011
35188535132
35189035021
35190035095
35190535072
35190735072
35191035062
35192035095
35192535061
35193035034
35194035155
35195035092
35196035032
35197035163
35198035155
35199035113
35200035064
35201035083
35202035171
35203035121
35204035173
35204235121
35204435022
35205035072
35206035112
35207035154
35208035091
35209035094
35210035163
35211035104
35211535155
35212035121
35213035082
35214035102
35215035151
35216035111
35217035162
35218035061
35219035151
35220035064
35221035041
35221535162
35222035013
35223035161
35224035162
35225035014
35226035141
35226535162
35227035032
35228035061
35229035064
35230035022
35231035011
35232035162
35233035121
35234035072
35235035063
35236035104
35237035081
35238035143
35239035163
35240035073
35241035083
35242035051
35243035131
35244035171
35245035156
35246035121
35247035072
35248035153
35249035171
35250035014
35251035132
35252035073
35253035064
35254035081
35255035071
35256035113
35257035156
35258035093
35258535163
35259035073
35260035111
35261035121
35262035013
35263035174
35264035063
35265035022
35266035172
35267035101
35268035062
35269035102
35270035074
35271035065
35272035172
35272535023
35273035073
35274035091
35275035062
35276035132
35277035023
35278035093
35279035092
35280035062
35281035157
35282035154
35283035157
35284035163
35285035012
35286035061
35287035114
35288035092
35288535151
35289035091
35290035093
35291035153
35292035112
35293035033
35294035015
35295035156
35296035154
35296535153
35297035083
35298035064
35299035121
35300035154
35301035022
35302035115
35303035155
35304035155
35305035143
35306035011
35307035141
35308035141
35309035103
35310035157
35311035041
35312035074
35313035131
35314035156
35315035052
35316035111
35317035171
35318035072
35319035082
35320035071
35320535031
35321035022
35321535113
35322035112
35323035174
35324035071
35325035155
35326035157
35327035156
35328035155
35328235162
35328435152
35328635021
35329035032
35330035155
35331035111
35332035022
35332535151
35333035021
35334035072
35335035151
35336035082
35337035093
35338035094
35339035051
35340035155
35341035093
35342035155
35343035082
35344035014
35345035093
35346035091
35347035094
35347535154
35348035111
35349035091
35350035155
35351035151
35352035153
35353035092
35354035111
35355035092
35356035171
35357035151
35358035061
35359035153
35360035095
35361035063
35362035121
35362535157
35363035081
35364035111
35365035072
35365735062
35366035155
35367035062
35368035071
35369035154
35370035081
35371035072
35371535092
35372035121
35373035023
35374035022
35375035063
35376035041
35377035023
35378035163
35379035163
35380035174
35381035151
35382035071
35383035114
35385035172
35386035071
35387035103
35388035061
35389035062
35390035151
35391035014
35392035112
35393035101
35394035062
35395035131
35396035156
35397035092
35398035011
35399035156
35400035093
35401035065
35402035131
35402535153
35403035157
35404035154
35405035063
35406035163
35407035034
35407535172
35408035155
35408535091
35409035131
35410035041
35410535063
35411035062
35412035112
35413035114
35414035112
35415035114
35416035065
35416535161
35417035113
35418035095
35419035172
35420035093
35421035103
35422035113
35423035174
35424035112
35425035062
35426035121
35427035081
35428035162
35429035034
35430035162
35431035081
35432035094
35432335112
35432535161
35433035015
35434035132
35435035162
35436035081
35437035031
35438035095
35439035104
35440035103
35441035015
35442035157
35442535115
35443035172
35444035021
35445035152
35446035065
35447035091
35448035151
35449035082
35450035011
35451035091
35451535103
35452035163
35453035163
35454035094
35455035112
35456035151
35457035153
35458035072
35460035171
35461035152
35462035101
35462535133
35463035142
35464035094
35465035033
35466035152
35467035104
35468035011
35469035031
35470035103
35471035111
35472035153
35473035014
35474035152
35475035132
35476035132
35476535153
35477035112
35478035015
35479035133
35480035072
35480535021
35481035142
35482035174
35483035112
35484035023
35485035041
35486035174
35487035015
35488035015
35489035034
35490035153
35491035142
35492035154
35492535154
35493035111
35494035082
35495035081
35496035172
35497035143
35498035155
35499035171
35499535013
35500035174
35501035063
35502035161
35503035016
35504035103
35505035094
35506035163
35507035173
35508035143
35509035132
35510035041
35511035161
35512035061
35513035157
35514035132
35515035132
35516035074
35517035131
35518035121
35519035051
35520035172
35521035071
35522035163
35523035022
35524035072
35525035011
35525535022
35526035151
35527035032
35528035013
35529035112
35530035061
35531035052
35532035052
35533035142
35534035155
35535035163
35536035143
35536535052
35537035033
35538035061
35538535162
35539035112
35539535092
35540035161
35541035174
35542035061
35543035115
35544035052
35545035163
35546035094
35546535063
35547035064
35547535031
35548035174
35549035152
35549535071
35550035095
35551035111
35552035023
35553035154
35553535156
35554035173
35555035093
35556035155
35557035156
35558035153
35559035065
35560035151
35561035157
35562035072
35563035021
35563535071
35564035142
35564535013
35565035073
35566035093
35567035072
35568035052
35569035052
35569535153
35570035163
35571035157
35571535156
35572035094
35573035141
41000041000
41001041900
41002041900
41003041900
41004041900
41004541900
41005041900
41006041900
41007041900
41008041900
41009041900
41010041900
41010541900
41011041900
41011541900
41012041900
41013041900
41014041900
41015041900
41016041900
41016541900
41017041900
41018041900
41018541900
41019041900
41020041900
41021041900
41022041900
41023041900
41024041900
41025041900
41026041900
41027041900
41027541900
41028041900
41029041900
41030041900
41030241900
41030441900
41030541900
41031041900
41031541900
41032041900
41032241900
41033041900
41033541900
41033741900
41034041900
41034541900
41034741900
41035041900
41036041900
41037041900
41038041900
41039041900
41039541900
41040041900
41040541900
41041041900
41042041900
41042541900
41043041900
41044041900
41044241900
41044541900
41045041900
41046041900
41046541900
41047041900
41048041900
41049041900
41050041900
41051041900
41052041900
41053041900
41054041900
41055041900
41056041900
41057041900
41058041900
41059041900
41060041900
41061041900
41062041900
41063041900
41064041900
41064541900
41065041900
41065541900
41065741900
41066041900
41067041900
41068041900
41068541900
41069041900
41070041900
41071041900
41071241900
41071541900
41072041900
41072541900
41073041900
41074041900
41075041900
41075241900
41075341900
41075441900
41075541900
41076041900
41076541900
41077041900
41077341900
41077541900
41078041900
41078541900
41079041900
41080041900
41081041900
41082041900
41083041900
41083241900
41084041900
41084541900
41085041900
41085541900
41086041900
41086541900
41087041900
41088041900
41089041900
41089541900
41090041900
41091041900
41092041900
41093041900
41094041900
41095041900
41096041900
41096541900
41097041900
41097541900
41098041900
41099041900
41100041900
41100541900
41100741900
41101041900
41102041900
41103041900
41104041900
41105041900
41106041900
41106541900
41107041900
41108041900
41109041900
41109541900
41110041900
41111041900
41112041900
41112541900
41113041900
41114041900
41115041900
41115541900
41116041900
41117041900
41118041900
41119041900
41120041900
41121041900
41122041900
41123041900
41124041900
41125041900
41126041900
41127041900
41127541900
41128041900
41129041900
41129541900
41130041900
41131041900
41132041900
41132541900
41133041900
41134041900
41134241900
41134541900
41135041900
41136041900
41137041900
41137341900
41137541900
41138041900
41139041900
41140041900
41141041900
41142041900
41143041900
41143541900
41144041900
41145041900
41146041900
41147041900
41148041900
41149041900
41150041900
41151041900
41152041900
41153041900
41153541900
41154041900
41154541900
41155041900
41156041900
41157041900
41157341900
41157541900
41158041900
41158541900
41159041900
41160041900
41160541900
41161041900
41162041900
41163041900
41164041900
41165041900
41166041900
41167041900
41168041900
41169041900
41169541900
41170041900
41170541900
41171041900
41172041900
41172141900
41172241900
41172541900
41172741900
41172941900
41173041900
41174041900
41174541900
41175041900
41176041900
41177041900
41178041900
41179041900
41180041900
41181041900
41182041900
41183041900
41184041900
41184541900
41185041900
41186041900
41187041900
41188041900
41188541900
41189041900
41190041900
41191041900
41191541900
41192041900
41192541900
41193041900
41194041900
41195041900
41196041900
41196541900
41197041900
41198041900
41199041900
41199541900
41200041900
41201041900
41201541900
41202041900
41203041900
41203341900
41203541900
41204041900
41205041900
41206041900
41206541900
41207041900
41208041900
41208541900
41209041900
41210041900
41211041900
41212041900
41212541900
41213041900
41213541900
41214041900
41215041900
41216041900
41217041900
41217541900
41218041900
41219041900
41220041900
41221041900
41221541900
41221741900
41222041900
41223041900
41224041900
41225041900
41226041900
41226541900
41227041900
41228041900
41229041900
41230041900
41231041900
41232041900
41233041900
41234041900
41235041900
41236041900
41237041900
41238041900
41238241900
41238541900
41239041900
41239541900
41240041900
41240241900
41240541900
41241041900
41242041900
41243041900
41244041900
41245041900
41246041900
41247041900
41248041900
41249041900
41250041900
41251041900
41252041900
41253041900
41253541900
41254041900
41254541900
41255041900
41255541900
41256041900
41257041900
41257541900
41258041900
41259041900
41260041900
41261041900
41262041900
41262541900
41262741900
41263041900
41263541900
41264041900
41265041900
41266041900
41266541900
41266741900
41267041900
41268041900
41269041900
41270041900
41271041900
41272041900
41273041900
41274041900
41275041900
41276041900
41277041900
41278041900
41278541900
41278841900
41279041900
41279541900
41279641900
41280041900
41281041900
41282041900
41283041900
41284041900
41285041900
41285341900
41285541900
41286041900
41286241900
41286341900
41286541900
41287041900
41288041900
42000042000
42000542900
42001042900
42002042900
42003042900
42004042900
42005042900
42005542900
42006042900
42007042900
42007542900
42008042900
42009042900
42010042900
42011042900
42012042900
42012542900
42012742900
42013042900
42014042900
42015042900
42016042900
42016542900
42017042900
42018042900
42019042900
42019542900
42020042900
42020542900
42020742900
42020842900
42020942900
42021042900
42021342900
42021542900
42022042900
42023042900
42024042900
42024342900
42024542900
42025042900
42025342900
42025742900
42026042900
42027042900
42028042900
42028542900
42028742900
42029042900
42030042900
42031042900
42031542900
42032042900
42032542900
42033042900
42034042900
42035042900
42036042900
42037042900
42038042900
42039042900
42039542900
42040042900
42041042900
42041542900
42041742900
42041942900
42042042900
42042542900
42043042900
42043542900
42044042900
42044542900
42045042900
42045542900
42046042900
42047042900
42047542900
42048042900
42049042900
42050042900
42051042900
42051542900
42051742900
42051942900
42052042900
42053042900
42053542900
42054042900
42054342900
42054542900
42055042900
42055542900
42056042900
42057042900
42058042900
42059042900
42060042900
42061042900
42062042900
42063042900
42064042900
42065042900
42066042900
42066542900
42067042900
42067542900
42068042900
42069042900
42070042900
42071042900
42072042900
42073042900
42074042900
42075042900
42075742900
42076042900
42076542900
42076842900
42077042900
42077542900
42078042900
42078542900
42079042900
42080042900
42081042900
42082042900
42083042900
42084042900
42084542900
42085042900
42086042900
42087042900
42088042900
42089042900
42089542900
42090042900
42091042900
42091542900
42091742900
42092042900
42093042900
42094042900
42094542900
42095042900
42096042900
42097042900
42098042900
42098542900
42099042900
42100042900
42100342900
42100542900
42101042900
42102042900
42103042900
42104042900
42105042900
42105542900
42106042900
42107042900
42108042900
42108542900
42109042900
42110042900
42110542900
42111042900
42112042900
42112542900
42113042900
42114042900
42114542900
42115042900
42116042900
42116542900
42117042900
42117542900
42118042900
42118542900
42118742900
42118942900
42119042900
42120042900
42120542900
42121042900
42122042900
42122342900
42122542900
42122742900
42123042900
42124042900
42125042900
42126042900
42126542900
42127042900
42128042900
42129042900
42130042900
42131042900
42131542900
42132042900
42133042900
42133542900
42134042900
42135042900
42136042900
42137042900
42138042900
42139042900
42140042900
42141042900
42141542900
42142042900
42143042900
42144042900
42145042900
42146042900
42147042900
42148042900
42149042900
42150042900
42150542900
42150742900
42151042900
42152042900
42153042900
42153542900
42154042900
42154542900
42155042900
42155542900
42156042900
42156542900
42156742900
42156842900
42156942900
42157042900
42157542900
42158042900
42159042900
42160042900
42160542900
42161042900
42162042900
42162542900
42163042900
42163542900
42164042900
42165042900
42166042900
42167042900
42168042900
42169042900
42170042900
42171042900
42171542900
42172042900
42172542900
42173042900
42174042900
42175042900
42175542900
42176042900
42177042900
42177542900
42178042900
42179042900
42179542900
42180042900
42181042900
42182042900
42182542900
42183042900
42183542900
42184042900
42185042900
42186042900
42187042900
42187542900
42188042900
42188542900
42189042900
42189542900
42190042900
42191042900
42191542900
42191742900
42192042900
42193042900
42193542900
42194042900
42195042900
42196042900
42197042900
42198542900
42200042900
43000043000
43000343900
43000543900
43001043900
43002043900
43003043900
43004043900
43004543900
43004743900
43005043900
43005543900
43005743900
43006043900
43006343900
43006443900
43006643900
43007043900
43008043900
43008543900
43008743900
43009043900
43010043900
43010543900
43010743900
43011043900
43012043900
43013043900
43014043900
43015043900
43015543900
43016043900
43016343900
43016543900
43017043900
43017543900
43018043900
43018543900
43018743900
43019043900
43019243900
43019543900
43020043900
43020543900
43021043900
43021543900
43022043900
43022243900
43022343900
43022543900
43023043900
43023543900
43023743900
43024043900
43024543900
43025043900
43025843900
43026043900
43026543900
43027043900
43028043900
43029043900
43030043900
43031043900
43032043900
43033043900
43034043900
43035043900
43035543900
43036043900
43036743900
43037043900
43038043900
43039043900
43040043900
43041043900
43042043900
43043043900
43043543900
43044043900
43045043900
43046043900
43046143900
43046243900
43046343900
43046543900
43046643900
43046743900
43046843900
43046943900
43047043900
43047143900
43048043900
43048543900
43049043900
43049543900
43050043900
43051043900
43051143900
43051243900
43051343900
43051543900
43051743900
43052043900
43053043900
43053543900
43053743900
43054043900
43054343900
43054443900
43054543900
43055043900
43055843900
43056043900
43057043900
43058043900
43058343900
43058543900
43058743900
43059043900
43059343900
43059543900
43059743900
43060043900
43060543900
43060743900
43061043900
43061343900
43062043900
43063043900
43063243900
43063543900
43063743900
43064043900
43064243900
43064543900
43065043900
43065543900
43066043900
43067043900
43067343900
43067543900
43067643900
43068043900
43069043900
43069243900
43069343900
43069543900
43069743900
43070043900
43070543900
43071043900
43072043900
43073043900
43074043900
43074543900
43075043900
43075543900
43076043900
43077043900
43078043900
43078143900
43078343900
43078643900
43079043900
43080043900
43080543900
43080743900
43081043900
43082043900
43082543900
43083043900
43084043900
43084343900
43084543900
43085043900
43086043900
43086543900
43087043900
43088043900
43088543900
43089043900
43090043900
43090543900
43091043900
43091243900
43091543900
43092043900
43092543900
43093043900
43094043900
43095043900
43095543900
43095743900
43096043900
43096543900
43097043900
43097543900
43098043900
43099043900
43099543900
43100043900
43101043900
43102043900
43103043900
43103343900
43103643900
43104043900
43104143900
43104343900
43104643900
43105043900
43105343900
43105543900
43105743900
43106043900
43106543900
43107043900
43107543900
43108043900
43108543900
43108743900
43109043900
43110043900
43111043900
43111243900
43111343900
43111543900
43112043900
43112343900
43112543900
43112743900
43113043900
43114043900
43114243900
43115043900
43116043900
43116243900
43116443900
43117043900
43117143900
43117343900
43117543900
43117743900
43117943900
43118043900
43119043900
43119843900
43120043900
43120543900
43121043900
43121343900
43121543900
43121743900
43122043900
43122543900
43123043900
43123543900
43123743900
43123843900
43124043900
43124243900
43124443900
43124543900
43124743900
43125043900
43126043900
43126143900
43126243900
43126543900
43126743900
43127043900
43127543900
43128043900
43129043900
43129543900
43130043900
43130143900
43130343900
43130643900
43130843900
43131043900
43132043900
43133043900
43133343900
43133543900
43133743900
43133943900
43134043900
43134243900
43134443900
43134643900
43134943900
43135043900
43136043900
43136543900
43137043900
43138043900
43139043900
43139543900
43140043900
43140243900
43140343900
43140543900
43140643900
43140743900
43141043900
43141343900
43141543900
43141743900
43142043900
43143043900
43144043900
43144243900
43144543900
43144643900
43144743900
43144943900
43145043900
43145443900
43145543900
43146043900
43147043900
43147543900
43147743900
43147843900
43148043900
43149043900
43150043900
43150543900
43150743900
43151043900
43151343900
43151443900
43151543900
43151743900
43152043900
43153043900
43153143900
43153243900
43153543900
43154043900
43154543900
43155043900
43155543900
43156043900
43157043900
43157543900
43158043900
43159043900
43159543900
43160043900
43161043900
43162043900
43163043900
43164043900
43164243900
43164343900
43164543900
43164743900
43165043900
43166043900
43167043900
43167343900
43167543900
43168043900
43169043900
43169543900
43169743900
43170043900
43171043900
43172043900
43172543900
43173043900
43174043900
43175043900
43175543900
43176043900
43177043900
43177543900
43178043900
43179043900
43179543900
43180043900
43180543900
43181043900
43182043900
43183043900
43184043900
43184243900
43184343900
43184443900
43184543900
43184643900
43184843900
43184943900
43185043900
43186043900
43186143900
43186243900
43187043900
43188043900
43189043900
43190043900
43191043900
43191243900
43191543900
43192043900
43193043900
43193543900
43193643900
43193743900
43194043900
43195043900
43196043900
43197043900
43197143900
43197343900
43197543900
43198043900
43199043900
43200043900
43201043900
43202043900
43202343900
43202643900
43203043900
43203243900
43203543900
43204043900
43204543900
43205043900
43205543900
43205743900
43206043900
43206543900
43206743900
43207043900
43208043900
43208543900
43209043900
43210043900
43211043900
43212043900
43213043900
43213243900
43213543900
43214043900
43214343900
43214543900
43214643900
43214743900
43214943900
43215043900
43216043900
43216243900
43216343900
43216643900
43217043900
43218043900
43218343900
43218543900
43219043900
43219543900
43220043900
43221043900
43221543900
43221843900
43222043900
43222543900
43223043900
43223243900
43223443900
43223543900
43223743900
43224043900
43225043900
43225243900
43225343900
43225443900
43225543900
43226043900
43227043900
43228043900
43228543900
43229043900
43230043900
43231043900
43232043900
43233043900
43233543900
43234043900
43234543900
43235043900
43236043900
43237043900
43237543900
43237743900
43238043900
50000050000
50002050042
50002550013
50006050034
50007050011
50008050033
50008550033
50009050034
50010050041
50011050011
50012450034
50015050012
50019050042
50020050033
50021050014
50021550011
50022050014
50023050042
50024050031
50026050012
50027050012
50028050014
50029050041
50029550012
50031050012
50031550034
50032050021
50032550012
50033050013
50034550031
50034850011
50035050031
50037050031
50037550032
50038050031
50039050012
50040050031
50041050014
50043050032
50044050041
50045050031
50046050032
50047050033
50048050032
50049050012
50050050014
50051050031
50051550032
50052050021
50052550031
50054050012
50056050011
50056850032
50057050032
50058050011
50060050012
50062050033
50062550033
50062750012
50063050041
50063550034
50064050013
50066050034
50069050014
50071050012
50072050031
50073050012
50074050013
50075050012
50075550042
50076950012
50077050034
50078050042
50079050012
50079350013
50079550034
50079750033
50080050012
50083050042
50084050031
51000051000
51001051900
51002051900
51002551900
51003051900
51003551900
51004051900
51005051900
51006051900
51008051900
51010051900
51012051900
51012551900
51013051900
51014051900
51016051900
51017051900
51018051900
51018351900
51018551900
51019051900
51025051900
51026051900
51026351900
51026751900
51026851900
51026951900
51027051900
51027951900
51028551900
51030051900
51030551900
51031051900
51032051900
51032551900
51033051900
51033551900
51033651900
51033751900
51034051900
51034351900
51034551900
51035051900
51036051900
51037051900
51038051900
51038551900
51039051900
51039551900
51041051900
51042051900
51045051900
51045251900
51045451900
51045551900
51046051900
51048051900
51049051900
51050051900
51051051900
51051551900
51051751900
51052051900
51052351900
51052551900
51053051900
51055051900
51055851900
51056051900
51056251900
51059051900
51060051900
51061051900
51061551900
51061751900
51061851900
51061951900
51062051900
51062151900
51062251900
51062351900
51062451900
51062551900
51062651900
51062751900
51062851900
51062951900
51063051900
51063151900
51063751900
51064251900
51064551900
51065051900
51066551900
51067051900
51067551900
51067751900
51068051900
51068251900
51068551900
51070051900
51070451900
51070651900
51071051900
51071551900
51071851900
51071951900
51072051900
51072451900
51072651900
51072951900
51073051900
51073551900
51074051900
51075751900
51076051900
51077051900
51077451900
51077551900
51077651900
51077751900
51077951900
51078051900
51078551900
51078751900
51078851900
51079051900
51079251900
51079451900
51079551900
51080051900
51080551900
51081051900
51082051900
51083051900
51083551900
51084051900
51085051900
51086051900
51088051900
51088551900
51089051900
51089551900
52000052000
52000552900
52001052900
52001352900
52001552900
52001752900
52002052900
52002552900
52003052900
52005052900
52005552900
52006052900
52008052900
52008252900
52008552900
52009052900
52011052900
52012052900
52013052900
52014052900
52014552900
52015052900
52016052900
52017052900
52018052900
52021552900
52023552900
52025052900
52026052900
52028052900
52031052900
52032052900
52033052900
52034052900
52035052900
52035552900
52035752900
52036052900
52038052900
52039052900
52039352900
52039652900
52040052900
52041052900
52042052900
52042552900
52043052900
52044052900
52045052900
52045552900
52046052900
52046552900
52047052900
52048052900
52048552900
52049052900
52049552900
52050052900
52050552900
52051052900
52052052900
52053052900
52054052900
52054552900
52054752900
52054952900
52055152900
52055252900
52057052900
52058052900
52059052900
52062052900
52063052900
52064052900
52065052900
52066052900
52067052900
52068052900
52069052900
52071052900
52072552900
52073552900
52074052900
52075052900
52075352900
52076052900
52078052900
52079052900
52080052900
52081052900
52081552900
52083052900
52084052900
52085052900
52086052900
52087052900
52088052900
52089052900
52091052900
52091552900
52092052900
52092952900
52094052900
52094552900
52096052900
52097052900
52098052900
52099052900
52099352900
52099552900
52100052900
52101052900
52101552900
52102052900
52103052900
52104052900
52105652900
52106052900
52108052900
52109052900
52110052900
52112052900
52113052900
52114052900
52115052900
52116052900
52117052900
52118052900
52119052900
52120052900
52120552900
52121052900
52122052900
52122552900
52123052900
52125052900
52126052900
52127052900
52128052900
52129052900
52129552900
52130052900
52130552900
52130852900
52131052900
52134052900
52135052900
52137052900
52137552900
52137752900
52138052900
52138552900
52139052900
52140052900
52140552900
52141052900
52144052900
52145052900
52146052900
52147052900
52148052900
52148352900
52148652900
52148752900
52149052900
52150052900
52152052900
52152352900
52152552900
52153052900
52154052900
52155052900
52156052900
52156552900
52157052900
52158052900
52159052900
52160052900
52163052900
52164052900
52164552900
52168052900
52169052900
52171052900
52172052900
52173052900
52174052900
52176052900
52177052900
52180052900
52180552900
52181052900
52183052900
52183952900
52185052900
52186052900
52187052900
52187852900
52188052900
52189052900
52190052900
52191052900
52192052900
52192552900
52193052900
52193552900
52194052900
52194552900
52195052900
52196052900
52197052900
52197152900
52197352900
52197552900
52198052900
52199052900
52200052900
52200552900
52201052900
52201552900
52202052900
52202652900
52202852900
52204052900
52204552900
52205052900
52206052900
52206852900
52207052900
52210052900
52210852900
52211952900
52213052900
52214052900
52214552900
52215052900
52215552900
52215752900
52216052900
52217052900
52218052900
52218552900
52219052900
52220052900
52220552900
52222052900
52223052900
53001053001
