0000000000
1100001100
1100011101
1100021102
1100031101
1100041101
1100051101
1100061101
1100071101
1100081101
1100091101
1100101102
1100111102
1100121101
1100131102
1100141101
1100151101
1100181101
1100201102
1100251101
1100261102
1100281101
1100291101
1100301101
1100321101
1100331102
1100341101
1100371101
1100401102
1100451102
1100501101
1100601102
1100701102
1100801102
1100901101
1100921101
1100941102
1101001102
1101101102
1101201101
1101301101
1101401102
1101431101
1101451101
1101461101
1101471101
1101481101
1101491101
1101501101
1101551101
1101601102
1101701101
1101751102
1101801101
1200001200
1200011201
1200051201
1200101201
1200131201
1200171201
1200201201
1200251201
1200301201
1200321201
1200331201
1200341201
1200351201
1200381201
1200391201
1200401201
1200421201
1200431201
1200451201
1200501201
1200601201
1200701201
1200801201
1300001300
1300021302
1300061302
1300081304
1300101304
1300141303
1300201302
1300301304
1300401304
1300501303
1300601302
1300631304
1300681303
1300701304
1300801303
1300831304
1300901304
1301001302
1301101304
1301151304
1301201304
1301301304
1301401302
1301501302
1301601302
1301651302
1301701303
1301801302
1301851304
1301901303
1301951302
1302001303
1302101302
1302201302
1302301302
1302401304
1302501304
1302551304
1302601304
1302701303
1302801302
1302901303
1303001303
1303101304
1303201304
1303301303
1303401303
1303501304
1303531304
1303561304
1303601304
1303701302
1303801304
1303901302
1303951303
1304001303
1304061302
1304101304
1304201302
1304231302
1304261302
1304301303
1304401303
1400001400
1400021401
1400051401
1400101401
1400151401
1400171401
1400201401
1400231401
1400281401
1400301401
1400401401
1400451401
1400471401
1400501401
1400601401
1400701401
1500001500
1500101512
1500131509
1500201511
1500301512
1500341509
1500401510
1500501510
1500601510
1500701512
1500801512
1500851510
1500901511
1500951511
1501001510
1501101512
1501201512
1501251509
1501301512
1501401512
1501451510
1501501512
1501571509
1501601511
1501701511
1501721510
1501751509
1501781509
1501801512
1501901511
1501951511
1502001512
1502101512
1502151509
1502201511
1502301511
1502401511
1502501512
1502601511
1502701509
1502751511
1502761509
1502771509
1502801512
1502851510
1502901511
1502931509
1502951509
1503001510
1503041509
1503071511
1503091509
1503101512
1503201511
1503301512
1503401511
1503451511
1503501511
1503601510
1503701509
1503751510
1503801509
1503901510
1504001512
1504051511
1504101511
1504201509
1504301511
1504401511
1504421512
1504451510
1504501512
1504601512
1504701512
1504751510
1504801510
1504901512
1504951511
1504971509
1505001511
1505031510
1505061509
1505101510
1505201512
1505301510
1505401511
1505431509
1505481510
1505491509
1505501511
1505531509
1505551509
1505601511
1505631509
1505651510
1505701512
1505801512
1505901510
1506001510
1506101511
1506111511
1506131509
1506161509
1506181509
1506191510
1506201511
1506301512
1506351512
1506401512
1506501511
1506551511
1506581509
1506601511
1506701509
1506801510
1506901511
1507001511
1507101511
1507151509
1507201511
1507301509
1507401511
1507451509
1507461511
1507471511
1507501509
1507601511
1507701512
1507751509
1507801510
1507901512
1507951512
1507961511
1507971510
1508001511
1508031511
1508051510
1508081509
1508101509
1508121511
1508151510
1508201511
1508301511
1508351510
1508401509
1600001600
1600051601
1600101601
1600151601
1600201601
1600211601
1600231601
1600251601
1600271601
1600301601
1600401601
1600501601
1600531601
1600551601
1600601601
1600701601
1600801601
1700001700
1700251702
1700301701
1700351702
1700401702
1700701702
1701001701
1701051701
1701101702
1701301701
1701901702
1702001702
1702101701
1702151701
1702201701
1702301701
1702401702
1702551701
1702701702
1702901701
1703001701
1703051701
1703071701
1703101702
1703201701
1703301701
1703601701
1703701702
1703801701
1703821701
1703841701
1703861702
1703881701
1703891701
1703901702
1704101701
1704601702
1705101702
1705501701
1705551702
1705601702
1706001701
1706101702
1706251702
1706501701
1707001702
1707101702
1707201702
1707301702
1707401701
1707551702
1707651702
1707701701
1708201702
1708251702
1708301701
1709001701
1709301701
1709501702
1709801702
1710501701
1710701701
1710901701
1711101701
1711501702
1711801701
1711901702
1711951702
1712001702
1712151702
1712401702
1712451701
1712501702
1712701702
1712801701
1713201702
1713301702
1713601702
1713701702
1713801701
1713951701
1714201702
1714301701
1714881701
1715001702
1715101702
1715151702
1715251702
1715501702
1715701701
1715751702
1716101702
1716201702
1716301701
1716501701
1716601702
1716651701
1716701701
1717001702
1717201701
1717501702
1717801702
1717901702
1718001702
1718201702
1718301701
1718401701
1718451702
1718501701
1718551701
1718651702
1718701702
1718751702
1718801701
1718841702
1718861701
1718881701
1718891702
1718901702
1719001702
1720001701
1720101701
1720151702
1720201701
1720251702
1720301701
1720491702
1720651702
1720801701
1720851702
1720901702
1720931702
1720971702
1721001702
1721101702
1721201701
1721251701
1721301701
1722081701
1722101701
2100002100
2100052109
2100102111
2100152110
2100202110
2100302111
2100402110
2100432111
2100472110
2100502109
2100552110
2100602109
2100702110
2100802110
2100832110
2100872110
2100902110
2100952109
2101002110
2101102110
2101202110
2101252110
2101302110
2101352110
2101402109
2101502111
2101602109
2101702110
2101732110
2101772110
2101802111
2101902110
2101932111
2101972110
2102002110
2102032109
2102072110
2102102110
2102152110
2102202111
2102302111
2102322109
2102352109
2102372110
2102402110
2102502110
2102552109
2102602110
2102702110
2102752111
2102802109
2102902110
2103002111
2103102110
2103122110
2103152110
2103172110
2103202110
2103252109
2103302111
2103402111
2103502111
2103552110
2103602111
2103702110
2103752109
2103802111
2103902111
2104002111
2104052109
2104072109
2104082109
2104092109
2104102109
2104202111
2104302110
2104402111
2104502111
2104552109
2104602111
2104622111
2104652110
2104672110
2104702111
2104802109
2104902110
2105002110
2105102110
2105152110
2105202111
2105302109
2105352109
2105402110
2105422109
2105452111
2105472109
2105502109
2105602111
2105652110
2105702111
2105802111
2105902110
2105922111
2105942111
2105962111
2105982109
2106002111
2106102109
2106202110
2106302110
2106322110
2106352110
2106372110
2106402110
2106502110
2106602111
2106632110
2106672110
2106702111
2106752110
2106802110
2106902110
2107002109
2107102110
2107202110
2107252109
2107302111
2107352110
2107402110
2107452110
2107502110
2107602110
2107702111
2107802111
2107902111
2108002111
2108052110
2108102110
2108202111
2108252110
2108302110
2108402110
2108452111
2108502110
2108602110
2108702110
2108802110
2108902111
2109002109
2109052110
2109102111
2109202110
2109232110
2109272110
2109302110
2109402110
2109452110
2109502109
2109552109
2109602110
2109702109
2109752111
2109802110
2109902110
2110002110
2110032110
2110102110
2110202110
2110232110
2110272110
2110302111
2110402110
2110502110
2110602110
2110652111
2110702111
2110802109
2110852109
2110902111
2111002110
2111022110
2111052109
2111072111
2111102111
2111202110
2111252111
2111302110
2111402110
2111502111
2111532109
2111572109
2111602109
2111632111
2111672111
2111702110
2111722110
2111742111
2111762109
2111782110
2111802109
2111902111
2111952111
2112002109
2112102111
2112202111
2112232111
2112272110
2112302111
2112402110
2112452110
2112502110
2112602110
2112702110
2112802110
2112852109
2112902110
2113002110
2114002110
2200002200
2200052207
2200102208
2200202208
2200252207
2200272207
2200302208
2200402208
2200452210
2200502208
2200602208
2200702210
2200802210
2200902207
2200952207
2201002210
2201052208
2201102210
2201152210
2201172207
2201202209
2201302210
2201402208
2201502209
2201552207
2201572207
2201602208
2201702210
2201732207
2201772208
2201802207
2201902210
2201912209
2201922210
2201942208
2201962209
2201982210
2202002209
2202022208
2202052208
2202072207
2202082209
2202092207
2202102207
2202112210
2202132207
2202172209
2202202208
2202252210
2202302210
2202402209
2202452210
2202502210
2202532209
2202552207
2202602208
2202652209
2202702209
2202712208
2202722209
2202732208
2202752210
2202772207
2202802207
2202852210
2202902210
2203002210
2203102210
2203202210
2203232210
2203252208
2203272207
2203302208
2203352210
2203402207
2203422209
2203452210
2203502207
2203602210
2203702209
2203752210
2203802210
2203852207
2203902210
2204002207
2204102210
2204152207
2204202207
2204302207
2204352207
2204402210
2204502210
2204552210
2204602208
2204652209
2204702207
2204802207
2204902207
2205002207
2205102210
2205152207
2205202207
2205252208
2205272208
2205302210
2205352210
2205402209
2205452209
2205502208
2205512208
2205522210
2205532210
2205542208
2205552208
2205562210
2205572209
2205582208
2205592207
2205602210
2205702209
2205802209
2205852209
2205902210
2205952207
2206002210
2206052207
2206102209
2206202208
2206302208
2206352209
2206402208
2206502207
2206602210
2206652210
2206672209
2206692209
2206702210
2206722208
2206752208
2206802209
2206902207
2206952208
2207002207
2207102208
2207202207
2207302210
2207352210
2207402210
2207502208
2207552207
2207602210
2207702209
2207752208
2207772207
2207792208
2207802207
2207852210
2207902209
2207932210
2207952210
2208002207
2208102207
2208202207
2208302209
2208402209
2208502209
2208552210
2208602207
2208652207
2208702210
2208802208
2208852210
2208872210
2208902210
2209002210
2209102207
2209152207
2209202210
2209302210
2209352207
2209372207
2209402207
2209452208
2209502207
2209552210
2209602207
2209652207
2209702210
2209752210
2209802208
2209852207
2209872209
2209902208
2209952207
2209972209
2210002210
2210052209
2210102210
2210202207
2210302207
2210352210
2210372207
2210382207
2210392210
2210402208
2210502208
2210602210
2210622210
2210632210
2210652208
2210702207
2210802207
2210902210
2210932207
2210952210
2210972207
2211002208
2211102208
2211202210
2211302207
2211352210
2211402207
2211502207
2211602207
2211702207
2300002300
2300102308
2300152310
2300202309
2300302308
2300402307
2300502309
2300602308
2300702306
2300752310
2300802308
2300902310
2301002310
2301102306
2301202310
2301252309
2301302308
2301402310
2301502307
2301602308
2301702308
2301802308
2301852307
2301902308
2301952310
2302002308
2302052309
2302102310
2302202310
2302302309
2302402307
2302502308
2302602309
2302702308
2302802307
2302902310
2303002307
2303102309
2303202308
2303302308
2303402309
2303502310
2303602308
2303652309
2303702310
2303802308
2303902309
2303932307
2303952310
2304002309
2304102309
2304202308
2304232309
2304252309
2304262308
2304272306
2304282310
2304302308
2304352309
2304402310
2304452306
2304502309
2304602310
2304652309
2304702309
2304802308
2304902309
2304952310
2305002309
2305102310
2305202309
2305232310
2305262307
2305302309
2305332307
2305352306
2305402308
2305502308
2305602309
2305652309
2305702308
2305802309
2305902309
2306002306
2306102309
2306202306
2306252310
2306302310
2306402310
2306502310
2306552309
2306602307
2306702306
2306802306
2306902306
2307002306
2307102308
2307202308
2307252309
2307302308
2307402308
2307502308
2307602306
2307632307
2307652310
2307702310
2307802309
2307902309
2308002309
2308102308
2308202309
2308302308
2308352307
2308372310
2308402308
2308502308
2308602309
2308702306
2308802309
2308902309
2309002309
2309102310
2309202308
2309302309
2309402309
2309452310
2309502308
2309602310
2309702310
2309802310
2309902309
2310002306
2310102310
2310202310
2310252310
2310302307
2310402307
2310502307
2310602308
2310702310
2310802306
2310852310
2310902308
2310952309
2311002309
2311102308
2311202308
2311232306
2311262309
2311302307
2311352308
2311402307
2311502306
2311602310
2311702309
2311802306
2311902308
2311952308
2312002309
2312102308
2312202309
2312302309
2312402310
2312502306
2312602310
2312702307
2312802309
2312902309
2313002307
2313102306
2313202309
2313252308
2313302307
2313352310
2313402309
2313502310
2313552310
2313602309
2313702308
2313752310
2313802310
2313902309
2313952309
2314002308
2314102309
2400002400
2400102402
2400202401
2400302402
2400402401
2400502401
2400602401
2400702401
2400802401
2400902401
2401002401
2401102401
2401202402
2401302401
2401402402
2401452401
2401502402
2401602402
2401652402
2401702402
2401802402
2401852402
2401902402
2402002402
2402102402
2402202402
2402302401
2402402402
2402502401
2402602402
2402702402
2402802402
2402902401
2403002402
2403102402
2403202401
2403252402
2403302401
2403402402
2403502402
2403602402
2403702401
2403752401
2403802402
2403902401
2404002401
2404102402
2404202402
2404302401
2404402401
2404502402
2404602402
2404702401
2404802402
2404852401
2404902401
2405002402
2405102402
2405202401
2405302402
2405402402
2405502402
2405602402
2405702402
2405802402
2405902401
2406002401
2406102402
2406152402
2406202402
2406302402
2406402402
2406502402
2406602402
2406702402
2406802402
2406902401
2407002401
2407102402
2407202402
2407252401
2407302401
2407402401
2407502402
2407602401
2407702402
2407802402
2407902402
2408002401
2408102402
2408202402
2408302402
2408402401
2408502402
2408602401
2408702401
2408802402
2408902402
2408952402
2409102402
2409202402
2409302401
2409332402
2409402401
2409502402
2409602402
2409702402
2409802402
2409902401
2410002401
2410102402
2410202401
2410252401
2410302402
2410402402
2410502401
2410602401
2410702401
2410802401
2410902402
2411002401
2411052401
2411102402
2411202402
2411402402
2411422402
2411502402
2411602402
2411702402
2411802402
2411902401
2412002402
2412102402
2412202402
2412302402
2412402402
2412502401
2412552402
2412602402
2412702402
2412802401
2412902402
2413002402
2413102402
2413202402
2413302402
2413352401
2413402402
2413502402
2413552401
2413602401
2413702402
2413802401
2413902402
2414002402
2414102401
2414152402
2414202402
2414302402
2414402402
2414452401
2414502401
2414602401
2414702402
2414752401
2414802402
2414902401
2415002402
2500002500
2500102501
2500202501
2500302502
2500402502
2500502503
2500532502
2500572502
2500602503
2500702501
2500732502
2500772501
2500802503
2500902502
2501002503
2501102502
2501152501
2501202502
2501302502
2501352502
2501402503
2501502503
2501532502
2501572502
2501602502
2501702502
2501802503
2501902503
2502002501
2502052501
2502102501
2502152502
2502202501
2502302501
2502402501
2502502502
2502602501
2502702503
2502802501
2502902501
2503002503
2503102502
2503202503
2503302501
2503402501
2503502503
2503552501
2503602503
2503702501
2503752501
2503802503
2503902502
2504002502
2504032503
2504072502
2504102501
2504152503
2504202501
2504302501
2504352502
2504402501
2504502501
2504602503
2504702502
2504802501
2504852502
2504902503
2505002502
2505102502
2505202503
2505232503
2505272503
2505302501
2505352502
2505402501
2505502501
2505602501
2505702503
2505802503
2505902501
2506002502
2506102502
2506202502
2506252502
2506302503
2506402503
2506502502
2506602501
2506702501
2506802503
2506902503
2507002501
2507102503
2507202503
2507302503
2507402501
2507502503
2507602503
2507702502
2507802501
2507902503
2508002501
2508102501
2508202503
2508302502
2508402501
2508502502
2508552503
2508602503
2508702501
2508802501
2508902503
2509002501
2509052503
2509102503
2509152501
2509202502
2509302503
2509332502
2509372501
2509392501
2509402503
2509502502
2509602501
2509702502
2509802503
2509902502
2510002501
2510102502
2510202501
2510302502
2510402501
2510502502
2510602502
2510652502
2510702501
2510802501
2510902501
2511002501
2511102502
2511202503
2511302501
2511402502
2511502503
2511602503
2511702503
2511802503
2511902503
2512002502
2512032501
2512072501
2512102501
2512202502
2512302501
2512402502
2512502502
2512602501
2512702502
2512722503
2512742503
2512752503
2512762503
2512782502
2512802501
2512902503
2513002501
2513102503
2513152502
2513202501
2513302501
2513352501
2513402501
2513502501
2513602501
2513652501
2513702503
2513802501
2513852502
2513902501
2513922501
2513942502
2513962501
2513982501
2514002502
2514102502
2514202501
2514302501
2514402501
2514452503
2514502501
2514552501
2514602501
2514652501
2514702501
2514802502
2514902501
2515002503
2515102502
2515202502
2515302503
2515402502
2515502502
2515602503
2515702501
2515802502
2515902503
2515932503
2515972503
2516002503
2516102502
2516152502
2516202501
2516302502
2516402503
2516502502
2516602501
2516702501
2516752502
2516802501
2516902501
2517002502
2517102501
2517202501
2517402502
2600002600
2600052607
2600102606
2600202605
2600302608
2600402607
2600502608
2600602608
2600702607
2600802608
2600902607
2601002608
2601052607
2601102605
2601202606
2601302608
2601402607
2601502607
2601602605
2601702608
2601802606
2601902608
2602002605
2602102608
2602202607
2602302608
2602402608
2602502606
2602602608
2602702607
2602802606
2602902607
2603002605
2603102608
2603202608
2603302608
2603402606
2603452607
2603502608
2603602607
2603702608
2603802608
2603902606
2603922606
2604002607
2604102608
2604152607
2604202607
2604302605
2604402607
2604502607
2604602607
2604702608
2604802607
2604902607
2605002608
2605102606
2605152605
2605202607
2605302605
2605402607
2605452607
2605502607
2605602606
2605702606
2605802608
2605902607
2606002608
2606102607
2606202607
2606302605
2606402608
2606502608
2606602606
2606702608
2606802607
2606902606
2607002606
2607102606
2607202607
2607302605
2607402606
2607502608
2607602607
2607652607
2607702606
2607752607
2607802607
2607902607
2607952607
2608002608
2608052606
2608102607
2608202607
2608252608
2608302608
2608402608
2608452607
2608502607
2608602608
2608702607
2608752605
2608802608
2608902607
2609002607
2609102607
2609152606
2609202607
2609302605
2609402607
2609502607
2609602607
2609702607
2609802605
2609902605
2610002607
2610102608
2610202608
2610302608
2610402605
2610502607
2610602607
2610702607
2610802606
2610902608
2611002606
2611102605
2611202608
2611302607
2611402607
2611502607
2611532606
2611602607
2611702608
2611802607
2611902607
2612002608
2612102607
2612202605
2612302608
2612402608
2612452605
2612472606
2612502608
2612552605
2612602605
2612702608
2612802606
2612902607
2613002608
2613102608
2613202608
2613302608
2613402607
2613502606
2613602606
2613702607
2613802607
2613902606
2614002605
2614102606
2614202607
2614302605
2614402606
2614502607
2614602606
2614702608
2614802606
2614852607
2615002608
2615102608
2615202605
2615302607
2615402608
2615502607
2615602605
2615702606
2615802606
2615902606
2616002606
2616102605
2616182607
2616202608
2616302607
2616402607
2616502607
2700002700
2700102703
2700202704
2700302703
2700402704
2700502704
2700602704
2700702703
2700802703
2700902703
2701002704
2701102704
2701202703
2701302704
2701352704
2701402704
2701502703
2701602703
2701702704
2701802703
2701902704
2702002703
2702102704
2702202704
2702302704
2702352703
2702402703
2702502703
2702552703
2702602703
2702702704
2702802704
2702902703
2703002704
2703102703
2703202704
2703302703
2703402703
2703502704
2703602704
2703702703
2703752704
2703802704
2703902704
2704002704
2704102703
2704202703
2704302704
2704402703
2704502704
2704602703
2704702704
2704802703
2704902704
2705002703
2705102704
2705202704
2705302703
2705402703
2705502704
2705602704
2705702703
2705802703
2705902703
2706002703
2706102703
2706202703
2706302703
2706402703
2706422703
2706442704
2706502704
2706602704
2706702704
2706802704
2706902704
2707002704
2707102703
2707202703
2707302704
2707402704
2707502704
2707602704
2707702704
2707802704
2707902704
2708002703
2708102704
2708202704
2708302704
2708402703
2708502704
2708602704
2708702704
2708802703
2708902704
2708952703
2709002703
2709102703
2709152704
2709202703
2709302704
2709402704
2800002800
2800102801
2800202801
2800302801
2800402801
2800502801
2800602801
2800672801
2800702801
2801002801
2801102801
2801202801
2801302801
2801402801
2801502801
2801602801
2801702801
2801902801
2802002801
2802102801
2802202801
2802302801
2802402801
2802502801
2802602801
2802702801
2802802801
2802902801
2803002801
2803102801
2803202801
2803302801
2803402801
2803502801
2803602801
2803702801
2803802801
2803902801
2804002801
2804102801
2804202801
2804302801
2804402801
2804452801
2804502801
2804602801
2804702801
2804802801
2804902801
2805002801
2805102801
2805202801
2805302801
2805402801
2805502801
2805602801
2805702801
2805802801
2805902801
2806002801
2806102801
2806202801
2806302801
2806402801
2806502801
2806602801
2806702801
2806802801
2806902801
2807002801
2807102801
2807202801
2807302801
2807402801
2807502801
2807602801
2900002900
2900102917
2900202913
2900302914
2900352914
2900402917
2900502911
2900602910
2900702914
2900802916
2900902910
2901002915
2901102917
2901152918
2901202911
2901302917
2901352913
2901402912
2901502917
2901602914
2901702917
2901802913
2901902914
2901952910
2902002911
2902052914
2902102917
2902202914
2902252910
2902302915
2902402910
2902502912
2902602917
2902652914
2902702912
2902802911
2902902911
2903002918
2903102910
2903202912
2903232918
2903272917
2903302910
2903402916
2903502911
2903602917
2903702910
2903802917
2903902912
2903952911
2904002917
2904052917
2904102911
2904202911
2904302910
2904402912
2904502912
2904602911
2904702910
2904752912
2904802911
2904852915
2904902915
2905002911
2905102918
2905152911
2905202911
2905302918
2905402910
2905502918
2905602910
2905702915
2905802910
2905902913
2906002913
2906102912
2906202918
2906302910
2906402917
2906502915
2906602911
2906702911
2906802917
2906822913
2906852917
2906872918
2906892911
2906902916
2907002914
2907102911
2907202913
2907302915
2907402912
2907502914
2907552911
2907602918
2907702913
2907802914
2907902914
2908002910
2908102912
2908202915
2908302915
2908402917
2908502917
2908602915
2908702911
2908802911
2908902917
2909002911
2909102912
2909202914
2909302912
2909402912
2909502910
2909602914
2909702912
2909802915
2909902913
2910002910
2910052915
2910102911
2910202915
2910302915
2910402911
2910502914
2910602914
2910702917
2910722916
2910752914
2910772911
2910802917
2910852913
2910902911
2911002910
2911102912
2911202910
2911252917
2911302918
2911402913
2911502910
2911602915
2911652911
2911702911
2911802916
2911852914
2911902917
2912002911
2912102910
2912202911
2912302911
2912402918
2912502911
2912602917
2912702910
2912802916
2912902910
2913002917
2913102918
2913202912
2913302917
2913402911
2913452910
2913502911
2913602910
2913702914
2913802917
2913902910
2914002917
2914102912
2914202910
2914302910
2914402917
2914502917
2914602918
2914652916
2914702917
2914802910
2914902910
2915002917
2915102910
2915202910
2915302916
2915352918
2915402910
2915502910
2915602916
2915702910
2915802911
2915902914
2916002916
2916102915
2916202910
2916302916
2916402911
2916502914
2916602910
2916702910
2916802911
2916852915
2916902910
2917002913
2917102911
2917202911
2917302910
2917332911
2917352912
2917402911
2917502918
2917602910
2917702913
2917802915
2917902914
2918002910
2918102913
2918202915
2918302910
2918352918
2918402913
2918452916
2918502918
2918552910
2918602911
2918702910
2918752911
2918802915
2918902916
2919002917
2919052910
2919102917
2919152918
2919202915
2919302917
2919402911
2919502911
2919552912
2919602917
2919702911
2919802911
2919902913
2919922915
2919952911
2920002911
2920102918
2920202911
2920302911
2920402910
2920452912
2920502910
2920602915
2920702910
2920802917
2920902910
2921002915
2921052911
2921102916
2921202918
2921302915
2921402918
2921452911
2921502917
2921602912
2921702918
2921802911
2921902917
2922002916
2922052918
2922102917
2922202915
2922252912
2922302915
2922402915
2922502915
2922602910
2922652917
2922702911
2922732917
2922752910
2922802910
2922852917
2922902914
2923002916
2923032917
2923052914
2923102914
2923202912
2923302914
2923352918
2923402911
2923502917
2923602911
2923702912
2923802914
2923902910
2924002913
2924052917
2924102914
2924202913
2924302917
2924402913
2924502911
2924602913
2924652917
2924672910
2924702911
2924802918
2924902910
2925002911
2925102911
2925202915
2925252913
2925302916
2925402911
2925502916
2925602918
2925702911
2925752915
2925802917
2925902917
2925932918
2925952917
2926002913
2926102917
2926202912
2926302917
2926402911
2926502914
2926602914
2926652911
2926702911
2926802911
2926902911
2927002914
2927102913
2927202917
2927302915
2927402915
2927502917
2927602913
2927702916
2927802910
2927902910
2928002917
2928052910
2928102912
2928202912
2928302917
2928402912
2928502915
2928602915
2928702915
2928802917
2928902912
2928952917
2929002915
2929052912
2929102915
2929202915
2929252918
2929302917
2929352910
2929372918
2929402915
2929502915
2929602915
2929702914
2929752915
2929802918
2929902917
2930002911
2930102913
2930152912
2930202913
2930302912
2930402917
2930502917
2930602918
2930702915
2930752912
2930762914
2930772913
2930802917
2930902912
2931002911
2931052911
2931102917
2931202910
2931302918
2931352916
2931402917
2931502917
2931602915
2931702917
2931802911
2931902914
2932002913
2932102915
2932202910
2932302910
2932402918
2932452918
2932502910
2932602911
2932702910
2932802917
2932902910
2933002917
2933052918
2933102918
2933152918
2933172915
2933202915
2933252916
2933302911
2933402917
2933452912
2933502910
2933602918
3100103113
3100203103
3100303110
3100403110
3100503114
3100603106
3100703112
3100803105
3100903111
3101003111
3101103106
3101203101
3101303101
3101403115
3101503107
3101603116
3101633102
3101703111
3101803106
3101903116
3102003116
3102053110
3102103102
3102203106
3102303110
3102403104
3102503110
3102603115
3102703111
3102803107
3102853111
3102903102
3103003114
3103103107
3103203103
3103303107
3103403104
3103503113
3103603107
3103703110
3103753113
3103803109
3103903105
3104003112
3104103116
3104203105
3104303116
3104403107
3104453104
3104503109
3104603107
3104703111
3104803103
3104903101
3105003103
3105103105
3105203111
3105303116
3105403103
3105503107
3105603102
3105703110
3105903102
3106003103
3106103107
3106203103
3106303114
3106403103
3106503104
3106603111
3106653108
3106703103
3106803107
3106903107
3107003103
3107103101
3107203107
3107303108
3107403105
3107503107
3107603116
3107703103
3107803114
3107903115
3108003102
3108103103
3108203109
3108253108
3108303115
3108403116
3108503108
3108553109
3108603108
3108703107
3108803114
3108903115
3109003103
3109103115
3109203103
3109253114
3109303109
3109403108
3109453109
3109503116
3109603103
3109703115
3109803113
3109903103
3110003103
3110103107
3110203110
3110303115
3110403105
3110503115
3110603115
3110703101
3110803111
3110903101
3111003116
3111103113
3111153108
3111203105
3111303116
3111403112
3111503112
3111603116
3111703110
3111803113
3111903105
3112003105
3112053106
3112103107
3112203102
3112303104
3112403116
3112503103
3112603113
3112653106
3112703108
3112803116
3112903110
3113003111
3113103102
3113203102
3113303107
3113403114
3113503104
3113603115
3113703111
3113803103
3113903101
3114003105
3114103101
3114203105
3114303109
3114403116
3114503105
3114553112
3114603101
3114703116
3114803101
3114903102
3115003113
3115103116
3115203102
3115303107
3115353103
3115403102
3115453111
3115473108
3115503101
3115603103
3115703106
3115803113
3115903107
3116003110
3116103104
3116153109
3116203107
3116303102
3116403116
3116503108
3116603105
3116703107
3116803104
3116903112
3117003111
3117103116
3117203115
3117303112
3117403110
3117503104
3117603105
3117703101
3117803115
3117833108
3117873103
3117903115
3118003102
3118103104
3118203112
3118303102
3118403106
3118503115
3118603103
3118703101
3118803108
3118903103
3119003101
3119103103
3119203106
3119303113
3119403114
3119503104
3119603107
3119703102
3119803105
3119903115
3119953105
3120003114
3120103104
3120153111
3120203105
3120303108
3120403102
3120503101
3120603103
3120703109
3120803101
3120833106
3120873108
3120903103
3121003104
3121103115
3121203116
3121253112
3121303107
3121403102
3121503102
3121603104
3121703110
3121803114
3121903107
3122003107
3122103106
3122203106
3122303105
3122353111
3122403116
3122453111
3122473109
3122503114
3122603103
3122703110
3122803101
3122903107
3123003102
3123103103
3123203105
3123303107
3123403116
3123503113
3123523110
3123603101
3123703106
3123803108
3123853114
3123903102
3124003107
3124103103
3124203107
3124303108
3124403115
3124503115
3124603107
3124703105
3124803113
3124903107
3125003107
3125103115
3125203116
3125303107
3125403104
3125503104
3125603111
3125703103
3125803106
3125903103
3125953107
3126003103
3126103105
3126203109
3126303116
3126403103
3126503104
3126603108
3126703108
3126753111
3126803111
3126903106
3126953106
3127003112
3127053111
3127073108
3127103112
3127203103
3127303106
3127333108
3127353108
3127373106
3127383107
3127403115
3127503106
3127603104
3127703106
3127803108
3127903113
3128003103
3128103116
3128203110
3128253108
3128303116
3128403107
3128503107
3128603109
3128703116
3128803107
3128903109
3129003107
3129103113
3129203115
3129303114
3129403102
3129503112
3129603108
3129653108
3129703116
3129803103
3129903115
3130003102
3130053108
3130103103
3130203105
3130303105
3130403101
3130503101
3130553114
3130603115
3130653108
3130703113
3130803101
3130903114
3131003103
3131103103
3131153114
3131203110
3131303114
3131403113
3131503115
3131603113
3131703103
3131803106
3131903103
3132003108
3132103108
3132203105
3132303111
3132403115
3132503104
3132603107
3132703111
3132803103
3132903116
3133003101
3133103101
3133203106
3133303111
3133403112
3133503105
3133603115
3133703105
3133753116
3133803105
3133903102
3134003111
3134103106
3134203113
3134303101
3134403112
3134503101
3134603103
3134703111
3134803116
3134903115
3135003114
3135053108
3135073106
3135103108
3135203108
3135303105
3135353108
3135403102
3135453104
3135503110
3135603108
3135703103
3135803111
3135903101
3136003111
3136103114
3136203103
3136303109
3136403108
3136503111
3136523104
3136553106
3136573108
3136603103
3136653103
3136703107
3136803108
3136903116
3136953108
3137003111
3137103109
3137203105
3137303108
3137403102
3137503109
3137533109
3137603103
3137703110
3137803101
3137903102
3138003107
3138103108
3138203101
3138303105
3138353104
3138403107
3138503107
3138603107
3138623112
3138653108
3138673110
3138683108
3138703101
3138803105
3138903111
3139003116
3139103102
3139203111
3139253108
3139303108
3139403110
3139503110
3139603106
3139703103
3139803107
3139903115
3140003103
3140103106
3140153103
3140203107
3140303114
3140403115
3140503105
3140533110
3140553111
3140603103
3140703103
3140803107
3140853108
3140903110
3141003108
3141103103
3141203109
3141303105
3141403111
3141503106
3141603107
3141703114
3141803104
3141903101
3142003108
3142103107
3142203107
3142253108
3142303103
3142403105
3142503103
3142603101
3142703108
3142803113
3142903108
3143003116
3143103113
3143153111
3143203116
3143303108
3143403115
3143453108
3143503103
3143603103
3143703103
3143803115
3143903107
3144003110
3144103116
3144203106
3144303111
3144353114
3144373109
3144403115
3144503102
3144603101
3144653108
3144673106
3144703103
3144803103
3144903111
3145003113
3145053108
3145103116
3145203105
3145303111
3145353111
3145373108
3145403107
3145453108
3145503101
3145603105
3145703107
3145803105
3145853110
3145873107
3145903102
3146003115
3146103103
3146203111
3146253108
3146303111
3146403103
3146503105
3146553108
3146603102
3146703107
3146753111
3146903103
3147003109
3147103105
3147203116
3147303115
3147403103
3147503103
3147603101
3147703105
3147803107
3147903116
3147953108
3148003109
3148103113
3148203107
3148303110
3148403106
3148503111
3148603106
3148703111
3148753107
3148803110
3148903105
3149003107
3149103115
3149153108
3149203112
3149303103
3149403107
3149503107
3149603103
3149703105
3149803112
3149903101
3149953114
3150003111
3150103107
3150153114
3150203110
3150303102
3150403103
3150503116
3150533114
3150573108
3150603105
3150703112
3150803102
3150903115
3151003115
3151103107
3151203108
3151303107
3151403105
3151503116
3151603112
3151703116
3151803115
3151903110
3152003103
3152103110
3152133108
3152173111
3152203108
3152303110
3152403111
3152503115
3152603101
3152703102
3152803113
3152903116
3153003112
3153103107
3153203103
3153303104
3153403109
3153503110
3153603103
3153703103
3153803102
3153903103
3154003110
3154103107
3154153110
3154203102
3154303106
3154403102
3154453109
3154503108
3154603103
3154703101
3154803103
3154903110
3155003110
3155103111
3155203102
3155303103
3155403107
3155503109
3155603108
3155703103
3155803107
3155903107
3156003103
3156103102
3156203107
3156303107
3156403113
3156453107
3156503108
3156603111
3156703103
3156803103
3156903112
3157003108
3157103111
3157203103
3157253114
3157273107
3157303102
3157333102
3157373108
3157403110
3157503106
3157603108
3157653111
3157703112
3157803103
3157903110
3158003103
3158103111
3158203106
3158303101
3158403107
3158503103
3158603107
3158703102
3158803105
3158903110
3158953114
3159003103
3159103102
3159203115
3159303107
3159353114
3159403102
3159503106
3159603115
3159703109
3159803113
3159903105
3160003107
3160103110
3160203104
3160303111
3160403105
3160453108
3160503103
3160603103
3160703107
3160803101
3160903102
3160953114
3161003103
3161053106
3161103108
3161203105
3161303112
3161403107
3161503107
3161603106
3161653106
3161703109
3161803105
3161903103
3162003101
3162103109
3162203116
3162253108
3162303115
3162403108
3162453108
3162503102
3162553110
3162573106
3162603114
3162653108
3162703108
3162803106
3162903107
3162923103
3162943116
3162953103
3163003106
3163103105
3163203115
3163303111
3163403110
3163503106
3163603110
3163703101
3163803110
3163903116
3164003110
3164103106
3164203108
3164303116
3164403115
3164433107
3164473114
3164503106
3164603105
3164703116
3164803103
3164903101
3165003102
3165103116
3165203101
3165303102
3165403115
3165503106
3165533103
3165553111
3165563110
3165573115
3165603107
3165703107
3165803115
3165903104
3166003102
3166103103
3166203102
3166303110
3166403101
3166503104
3166603105
3166703111
3166803109
3166903116
3166953108
3167003101
3167103104
3167203103
3167303107
3167403115
3167503107
3167603110
3167703106
3167803101
3167903107
3168003108
3168053110
3168103112
3168203105
3168303103
3168403106
3168503110
3168603111
3168703114
3168803102
3168903109
3169003107
3169053115
3169103115
3169203107
3169303101
3169353103
3169403101
3169503106
3169603113
3169703104
3169803115
3169903107
3170003108
3170053114
3170103112
3170203113
3170303111
3170403109
3170433112
3170473109
3170503110
3170523108
3170573114
3170603116
3170653108
3170703101
3170753109
3170803108
3170903108
3171003109
3171033108
3171073104
3171103112
3171153114
3171203103
3171303110
3171403107
3171503106
3171603104
3171703101
3171803103
3171903106
3172003107
3172103107
3172203115
3200003200
3200103207
3200133209
3200163209
3200203205
3200303205
3200353209
3200403205
3200503205
3200603207
3200703205
3200803209
3200903209
3201003209
3201103205
3201153207
3201203205
3201303207
3201403205
3201503209
3201603209
3201703207
3201803205
3201903207
3202003205
3202103209
3202203207
3202253209
3202303205
3202403207
3202453207
3202503207
3202553205
3202603205
3202653205
3202703207
3202803205
3202903207
3203003205
3203053209
3203103205
3203133207
3203163207
3203203209
3203303209
3203323205
3203343207
3203353209
3203403205
3203503209
3203603209
3203703205
3203803205
3203903209
3204003209
3204053209
3204103209
3204203205
3204253209
3204303205
3204353209
3204403205
3204503207
3204553207
3204603207
3204653209
3204703209
3204803205
3204903209
3204953209
3205003207
3205013209
3205033205
3205063207
3205103207
3205153209
3205173209
3205203207
3205303207
3300003300
3300103312
3300153312
3300203312
3300223312
3300233312
3300253312
3300303312
3300403312
3300453312
3300503312
3300603312
3300703312
3300803312
3300903312
3300933312
3300953312
3301003312
3301103312
3301153312
3301203312
3301303312
3301403312
3301503312
3301603312
3301703312
3301803312
3301853312
3301873312
3301903312
3302003312
3302053312
3302103312
3302203312
3302253312
3302273312
3302303312
3302403312
3302453312
3302503312
3302603312
3302703312
3302803312
3302853312
3302903312
3303003312
3303103312
3303203312
3303303312
3303403312
3303503312
3303603312
3303703312
3303803312
3303853312
3303903312
3303953312
3304003312
3304103312
3304113312
3304123312
3304143312
3304153312
3304203312
3304303312
3304403312
3304503312
3304523312
3304553312
3304603312
3304703312
3304753312
3304803312
3304903312
3305003312
3305103312
3305133312
3305153312
3305203312
3305303312
3305403312
3305503312
3305553312
3305603312
3305703312
3305753312
3305803312
3305903312
3306003312
3306103312
3306153312
3306203312
3306303312
3500003500
3500103533
3500203531
3500303528
3500403528
3500503528
3500553518
3500603529
3500703518
3500753519
3500803532
3500903530
3501003530
3501103531
3501153519
3501203531
3501303532
3501403533
3501503533
3501603528
3501703535
3501803531
3501903528
3502003529
3502103531
3502203519
3502303518
3502403532
3502503526
3502603531
3502703519
3502753519
3502803531
3502903519
3503003530
3503103518
3503153526
3503203535
3503303529
3503353533
3503403518
3503503526
3503603518
3503703531
3503803528
3503903525
3503953531
3504003533
3504103527
3504203531
3504303518
3504403531
3504503518
3504603531
3504703518
3504803531
3504903526
3505003518
3505103531
3505203518
3505303518
3505353519
3505403520
3505503530
3505603530
3505703522
3505803533
3505903530
3506003518
3506103530
3506203531
3506303533
3506353520
3506403531
3506503531
3506603525
3506703535
3506803518
3506903518
3507003519
3507103527
3507153519
3507203533
3507303518
3507403535
3507453518
3507503518
3507603527
3507703531
3507753531
3507803530
3507903518
3508003519
3508103531
3508203530
3508303518
3508403527
3508503526
3508603526
3508703528
3508803518
3508903532
3509003524
3509103532
3509203524
3509253520
3509303530
3509403530
3509453519
3509503528
3509603527
3509703526
3509803533
3509903520
3509953526
3510003533
3510103535
3510153533
3510203519
3510303519
3510403529
3510503526
3510603522
3510703531
3510803528
3510903530
3511003531
3511103531
3511203531
3511303531
3511403518
3511503519
3511603519
3511703529
3511903531
3512003530
3512103530
3512203529
3512303518
3512403529
3512503531
3512603518
3512703529
3512803528
3512903531
3513003523
3513103530
3513203530
3513303533
3513403526
3513503520
3513603526
3513703535
3513803534
3513853531
3513903528
3514003535
3514103518
3514203531
3514303535
3514403532
3514503518
3514603530
3514703533
3514803520
3514903529
3514923531
3514953531
3515003523
3515103523
3515123532
3515153529
3515183528
3515193533
3515203531
3515303532
3515353532
3515403518
3515503531
3515603531
3515653533
3515703525
3515803532
3515903531
3516003533
3516103533
3516203530
3516303524
3516403524
3516503531
3516603533
3516703533
3516803531
3516853535
3516903531
3517003518
3517103531
3517203518
3517303533
3517403530
3517503531
3517603519
3517703530
3517803531
3517903530
3518003531
3518103533
3518203531
3518303525
3518403526
3518503519
3518603530
3518703520
3518803525
3518853530
3518903531
3519003533
3519053528
3519073528
3519103518
3519203533
3519253518
3519303535
3519403531
3519503533
3519603535
3519703519
3519803531
3519903532
3520003518
3520103530
3520203526
3520303520
3520403526
3520423520
3520443531
3520503528
3520603532
3520703531
3520803533
3520903533
3521003519
3521103529
3521153531
3521203520
3521303530
3521403529
3521503531
3521603532
3521703519
3521803518
3521903531
3522003518
3522103520
3522153519
3522203523
3522303519
3522403519
3522503522
3522603528
3522653519
3522703535
3522803518
3522903518
3523003531
3523103525
3523203519
3523303520
3523403528
3523503518
3523603529
3523703530
3523803528
3523903519
3524003527
3524103530
3524203530
3524303530
3524403526
3524503531
3524603520
3524703528
3524803531
3524903526
3525003522
3525103530
3525203527
3525303518
3525403530
3525503527
3525603532
3525703531
3525803533
3525853519
3525903527
3526003532
3526103520
3526203523
3526303526
3526403518
3526503531
3526603526
3526703529
3526803518
3526903529
3527003528
3527103518
3527203526
3527253531
3527303527
3527403533
3527503518
3527603530
3527703531
3527803533
3527903533
3528003518
3528103531
3528203531
3528303531
3528403519
3528503524
3528603518
3528703532
3528803533
3528853531
3528903533
3529003533
3529103531
3529203532
3529303535
3529403534
3529503531
3529603531
3529653531
3529703530
3529803518
3529903520
3530003531
3530103531
3530203532
3530303531
3530403531
3530503528
3530603525
3530703528
3530803528
3530903529
3531003531
3531103520
3531203528
3531303530
3531403531
3531503530
3531603532
3531703526
3531803528
3531903530
3532003528
3532053535
3532103531
3532153532
3532203532
3532303526
3532403527
3532503531
3532603531
3532703531
3532803531
3532823519
3532843531
3532863531
3532903535
3533003531
3533103532
3533203531
3533253531
3533303531
3533403528
3533503531
3533603530
3533703533
3533803533
3533903530
3534003531
3534103533
3534203531
3534303530
3534403522
3534503533
3534603533
3534703533
3534753531
3534803532
3534903533
3535003531
3535103531
3535203531
3535303533
3535403532
3535503533
3535603526
3535703531
3535803518
3535903531
3536003533
3536103518
3536203520
3536253531
3536303530
3536403532
3536503528
3536573518
3536603531
3536703518
3536803527
3536903531
3537003530
3537103528
3537153533
3537203520
3537303531
3537403531
3537503518
3537603520
3537703531
3537803519
3537903519
3538003526
3538103531
3538203527
3538303532
3538503526
3538603527
3538703529
3538803518
3538903518
3539003531
3539103522
3539203532
3539303529
3539403518
3539503530
3539603531
3539703533
3539803525
3539903531
3540003533
3540103518
3540203530
3540253531
3540303531
3540403531
3540503518
3540603519
3540703535
3540753526
3540803531
3540853533
3540903530
3541003520
3541053518
3541103518
3541203532
3541303532
3541403532
3541503532
3541603518
3541653519
3541703532
3541803533
3541903526
3542003533
3542103529
3542203532
3542303526
3542403532
3542503518
3542603520
3542703530
3542803519
3542903535
3543003519
3543103530
3543203533
3543233532
3543253519
3543303534
3543403530
3543503519
3543603530
3543703535
3543803533
3543903529
3544003529
3544103534
3544203531
3544253532
3544303526
3544403531
3544503531
3544603518
3544703533
3544803531
3544903530
3545003525
3545103533
3545153529
3545203519
3545303519
3545403533
3545503532
3545603531
3545703531
3545803528
3546003526
3546103531
3546203529
3546253530
3546303528
3546403533
3546503535
3546603531
3546703529
3546803525
3546903535
3547003529
3547103532
3547203531
3547303522
3547403531
3547503530
3547603530
3547653531
3547703532
3547803534
3547903530
3548003528
3548053531
3548103528
3548203526
3548303532
3548403531
3548503520
3548603526
3548703534
3548803534
3548903535
3549003531
3549103528
3549203531
3549253531
3549303532
3549403530
3549503530
3549603526
3549703528
3549803531
3549903526
3549953523
3550003526
3550103518
3550203519
3550303521
3550403529
3550503533
3550603519
3550703526
3550803528
3550903530
3551003520
3551103519
3551203518
3551303531
3551403530
3551503530
3551603528
3551703530
3551803520
3551903530
3552003526
3552103527
3552203519
3552303531
3552403528
3552503525
3552553531
3552603531
3552703535
3552803523
3552903532
3553003518
3553103530
3553203530
3553303528
3553403531
3553503519
3553603528
3553653530
3553703535
3553803518
3553853519
3553903532
3553953533
3554003519
3554103526
3554203518
3554303532
3554403530
3554503519
3554603533
3554653518
3554703518
3554753535
3554803526
3554903531
3554953527
3555003533
3555103532
3555203531
3555303531
3555353531
3555403526
3555503533
3555603531
3555703531
3555803531
3555903518
3556003531
3556103531
3556203528
3556303531
3556353527
3556403528
3556453523
3556503527
3556603533
3556703528
3556803530
3556903530
3556953531
3557003519
3557103531
3557153531
3557203533
3557303528
4100004100
4100104105
4100204107
4100304107
4100404107
4100454106
4100504106
4100604106
4100704106
4100804105
4100904106
4101004108
4101054108
4101104105
4101154106
4101204107
4101304107
4101404105
4101504105
4101604107
4101654105
4101704106
4101804107
4101854105
4101904105
4102004108
4102104106
4102204106
4102304107
4102404105
4102504106
4102604108
4102704105
4102754108
4102804105
4102904107
4103004106
4103024108
4103044107
4103054108
4103104107
4103154108
4103204105
4103224108
4103304105
4103354108
4103374106
4103404105
4103454108
4103474106
4103504105
4103604105
4103704105
4103804105
4103904106
4103954107
4104004107
4104054108
4104104107
4104204107
4104254107
4104304106
4104404105
4104424107
4104454107
4104504108
4104604108
4104654107
4104704105
4104804108
4104904107
4105004108
4105104105
4105204107
4105304108
4105404108
4105504106
4105604106
4105704108
4105804107
4105904106
4106004105
4106104105
4106204107
4106304108
4106404105
4106454108
4106504108
4106554106
4106574108
4106604106
4106704106
4106804107
4106854105
4106904107
4107004107
4107104106
4107124108
4107154108
4107204108
4107254106
4107304106
4107404108
4107504106
4107524106
4107534108
4107544108
4107554106
4107604105
4107654107
4107704106
4107734107
4107754105
4107804106
4107854108
4107904106
4108004105
4108104106
4108204108
4108304108
4108324106
4108404108
4108454107
4108504107
4108554105
4108604106
4108654107
4108704105
4108804108
4108904106
4108954107
4109004105
4109104106
4109204105
4109304108
4109404107
4109504107
4109604107
4109654108
4109704105
4109754108
4109804105
4109904106
4110004106
4110054108
4110074107
4110104107
4110204107
4110304106
4110404106
4110504107
4110604106
4110654108
4110704107
4110804106
4110904106
4110954108
4111004105
4111104106
4111204108
4111254107
4111304106
4111404107
4111504105
4111554106
4111604106
4111704105
4111804105
4111904105
4112004107
4112104105
4112204106
4112304105
4112404106
4112504105
4112604106
4112704105
4112754108
4112804105
4112904105
4112954106
4113004106
4113104105
4113204107
4113254107
4113304107
4113404105
4113424105
4113454108
4113504106
4113604106
4113704105
4113734106
4113754105
4113804105
4113904107
4114004106
4114104106
4114204106
4114304107
4114354108
4114404108
4114504105
4114604108
4114704106
4114804106
4114904105
4115004106
4115104106
4115204106
4115304108
4115354108
4115404108
4115454107
4115504105
4115604108
4115704107
4115734105
4115754105
4115804108
4115854108
4115904106
4116004105
4116054108
4116104106
4116204107
4116304106
4116404106
4116504106
4116604105
4116704108
4116804106
4116904106
4116954108
4117004105
4117054107
4117104106
4117204106
4117214105
4117224108
4117254108
4117274105
4117294105
4117304107
4117404106
4117454108
4117504106
4117604108
4117704107
4117804107
4117904108
4118004106
4118104106
4118204107
4118304106
4118404106
4118454108
4118504108
4118604107
4118704107
4118804106
4118854106
4118904106
4119004108
4119104107
4119154107
4119204105
4119254108
4119304107
4119404107
4119504107
4119604107
4119654105
4119704106
4119804108
4119904107
4119954107
4120004105
4120104107
4120154107
4120204106
4120304107
4120334105
4120354108
4120404106
4120504105
4120604107
4120654106
4120704105
4120804107
4120854108
4120904108
4121004106
4121104106
4121204107
4121254108
4121304105
4121354106
4121404108
4121504107
4121604108
4121704107
4121754107
4121804105
4121904105
4122004107
4122104105
4122154107
4122174105
4122204107
4122304107
4122404105
4122504106
4122604106
4122654105
4122704105
4122804108
4122904105
4123004108
4123104105
4123204105
4123304106
4123404106
4123504108
4123604106
4123704106
4123804108
4123824108
4123854105
4123904105
4123954106
4124004105
4124024108
4124054108
4124104105
4124204106
4124304105
4124404108
4124504106
4124604106
4124704105
4124804108
4124904106
4125004105
4125104107
4125204108
4125304106
4125354106
4125404105
4125454108
4125504107
4125554106
4125604107
4125704108
4125754108
4125804105
4125904106
4126004105
4126104106
4126204105
4126254106
4126274108
4126304107
4126354108
4126404105
4126504105
4126604105
4126654108
4126674105
4126704106
4126804106
4126904106
4127004107
4127104107
4127204106
4127304106
4127404108
4127504107
4127604107
4127704108
4127804105
4127854108
4127884107
4127904106
4127954108
4127964107
4128004106
4128104106
4128204107
4128304106
4128404105
4128504105
4128534107
4128554108
4128604108
4128624106
4128634107
4128654107
4128704108
4128804106
4200004200
4200054217
4200104213
4200204216
4200304216
4200404217
4200504213
4200554213
4200604214
4200704214
4200754217
4200804213
4200904214
4201004218
4201104214
4201204214
4201254216
4201274217
4201304211
4201404210
4201504210
4201604217
4201654213
4201704216
4201804216
4201904216
4201954210
4202004215
4202054211
4202074210
4202084213
4202094213
4202104211
4202134211
4202154213
4202204216
4202304214
4202404216
4202434218
4202454215
4202504218
4202534213
4202574213
4202604218
4202704216
4202804210
4202854216
4202874217
4202904216
4203004217
4203104213
4203154217
4203204215
4203254218
4203304211
4203404218
4203504213
4203604217
4203704214
4203804211
4203904217
4203954210
4204004217
4204104213
4204154217
4204174218
4204194216
4204204213
4204254210
4204304217
4204354213
4204404213
4204454213
4204504211
4204554218
4204604210
4204704213
4204754213
4204804217
4204904213
4205004213
4205104216
4205154216
4205174213
4205194210
4205204217
4205304213
4205354213
4205404214
4205434213
4205454210
4205504217
4205554217
4205604213
4205704214
4205804211
4205904216
4206004214
4206104210
4206204210
4206304216
4206404213
4206504211
4206604213
4206654213
4206704217
4206754217
4206804217
4206904216
4207004210
4207104215
4207204210
4207304210
4207404216
4207504216
4207574217
4207604217
4207654213
4207684213
4207704217
4207754213
4207804217
4207854213
4207904211
4208004217
4208104211
4208204215
4208304215
4208404213
4208454211
4208504216
4208604217
4208704210
4208804210
4208904211
4208954213
4209004217
4209104211
4209154216
4209174213
4209204217
4209304218
4209404210
4209454213
4209504216
4209604210
4209704217
4209804214
4209854217
4209904216
4210004215
4210034217
4210054217
4210104211
4210204214
4210304211
4210404210
4210504213
4210554213
4210604211
4210704217
4210804210
4210854216
4210904213
4211004213
4211054217
4211104211
4211204210
4211254210
4211304215
4211404213
4211454213
4211504214
4211604210
4211654213
4211704210
4211754218
4211804217
4211854213
4211874213
4211894218
4211904214
4212004213
4212054218
4212104213
4212204211
4212234213
4212254210
4212274213
4212304214
4212404210
4212504215
4212604217
4212654210
4212704216
4212804215
4212904213
4213004217
4213104217
4213154213
4213204216
4213304218
4213354217
4213404213
4213504215
4213604211
4213704216
4213804210
4213904217
4214004216
4214104216
4214154213
4214204213
4214304214
4214404217
4214504216
4214604216
4214704216
4214804216
4214904210
4215004211
4215054218
4215074213
4215104216
4215204213
4215304216
4215354213
4215404217
4215454210
4215504217
4215554213
4215604210
4215654210
4215674216
4215684213
4215694213
4215704214
4215754213
4215804211
4215904214
4216004213
4216054217
4216104213
4216204211
4216254213
4216304214
4216354211
4216404210
4216504218
4216604214
4216704213
4216804218
4216904213
4217004210
4217104210
4217154213
4217204213
4217254214
4217304213
4217404211
4217504217
4217554213
4217604210
4217704210
4217754213
4217804216
4217904217
4217954213
4218004214
4218104210
4218204216
4218254217
4218304211
4218354210
4218404210
4218504217
4218604216
4218704210
4218754213
4218804210
4218854213
4218904218
4218954218
4219004210
4219104213
4219154217
4219174217
4219204216
4219304217
4219354216
4219404216
4219504213
4219604217
4219704213
4219854217
4220004210
4300004300
4300034309
4300054311
4300104314
4300204312
4300304312
4300404314
4300454312
4300474311
4300504311
4300554311
4300574310
4300604313
4300634309
4300644311
4300664311
4300704308
4300804310
4300854313
4300874313
4300904311
4301004308
4301054313
4301074309
4301104313
4301204308
4301304309
4301404311
4301504312
4301554311
4301604309
4301634313
4301654313
4301704311
4301754313
4301804311
4301854311
4301874314
4301904313
4301924311
4301954311
4302004311
4302054311
4302104310
4302154311
4302204312
4302224312
4302234312
4302254310
4302304310
4302354310
4302374311
4302404308
4302454308
4302504312
4302584312
4302604311
4302654313
4302704313
4302804308
4302904314
4303004308
4303104313
4303204311
4303304312
4303404311
4303504313
4303554311
4303604313
4303674310
4303704312
4303804311
4303904313
4304004312
4304104311
4304204308
4304304312
4304354309
4304404310
4304504309
4304604313
4304614308
4304624311
4304634313
4304654314
4304664309
4304674313
4304684313
4304694308
4304704311
4304714313
4304804310
4304854311
4304904311
4304954311
4305004312
4305104310
4305114311
4305124309
4305134308
4305154311
4305174313
4305204312
4305304311
4305354313
4305374311
4305404312
4305434309
4305444313
4305454313
4305504311
4305584308
4305604312
4305704312
4305804311
4305834308
4305854311
4305874312
4305904311
4305934310
4305954310
4305974311
4306004312
4306054313
4306074311
4306104312
4306134311
4306204308
4306304311
4306324311
4306354312
4306374314
4306404313
4306424311
4306454308
4306504313
4306554313
4306604309
4306704314
4306734312
4306754308
4306764313
4306804308
4306904308
4306924311
4306934312
4306954311
4306974311
4307004311
4307054311
4307104309
4307204311
4307304311
4307404310
4307454311
4307504311
4307554311
4307604313
4307704313
4307804308
4307814308
4307834312
4307864310
4307904310
4308004314
4308054311
4308074308
4308104310
4308204310
4308254311
4308304311
4308404314
4308434308
4308454312
4308504311
4308604310
4308654312
4308704311
4308804313
4308854311
4308904311
4309004312
4309054313
4309104310
4309124311
4309154308
4309204313
4309254310
4309304313
4309404310
4309504312
4309554313
4309574308
4309604312
4309654309
4309704312
4309754308
4309804311
4309904311
4309954311
4310004312
4310104313
4310204312
4310304308
4310334313
4310364308
4310404312
4310414312
4310434310
4310464311
4310504311
4310534314
4310554314
4310574311
4310604314
4310654313
4310704311
4310754314
4310804313
4310854311
4310874312
4310904311
4311004309
4311104314
4311124310
4311134314
4311154312
4311204314
4311234308
4311254311
4311274311
4311304311
4311404308
4311424311
4311504309
4311604311
4311624313
4311644310
4311704311
4311714314
4311734313
4311754314
4311774313
4311794313
4311804311
4311904311
4311984313
4312004311
4312054308
4312104314
4312134311
4312154308
4312174312
4312204311
4312254313
4312304311
4312354311
4312374310
4312384310
4312404313
4312424311
4312444313
4312454309
4312474313
4312504313
4312604308
4312614310
4312624311
4312654311
4312674311
4312704311
4312754311
4312804310
4312904310
4312954311
4313004308
4313014312
4313034314
4313064313
4313084310
4313104314
4313204310
4313304310
4313334312
4313354310
4313374313
4313394308
4313404313
4313424312
4313444311
4313464311
4313494311
4313504313
4313604311
4313654313
4313704311
4313804311
4313904312
4313954308
4314004310
4314024314
4314034313
4314054313
4314064308
4314074308
4314104311
4314134311
4314154308
4314174309
4314204309
4314304312
4314404309
4314424310
4314454311
4314464310
4314474314
4314494311
4314504309
4314544310
4314554312
4314604309
4314704311
4314754308
4314774311
4314784311
4314804313
4314904313
4315004312
4315054312
4315074312
4315104312
4315134308
4315144313
4315154308
4315174310
4315204308
4315304314
4315314311
4315324314
4315354312
4315404311
4315454308
4315504314
4315554311
4315604309
4315704308
4315754313
4315804308
4315904311
4315954312
4316004313
4316104311
4316204311
4316304312
4316404314
4316424311
4316434312
4316454312
4316474312
4316504313
4316604311
4316704312
4316734311
4316754308
4316804308
4316904314
4316954313
4316974314
4317004309
4317104314
4317204312
4317254310
4317304309
4317404314
4317504312
4317554311
4317604313
4317704312
4317754311
4317804312
4317904312
4317954311
4318004312
4318054311
4318104314
4318204313
4318304314
4318404313
4318424311
4318434314
4318444310
4318454311
4318464308
4318484313
4318494312
4318504309
4318604311
4318614313
4318624310
4318704313
4318804309
4318904312
4319004310
4319104312
4319124314
4319154312
4319204312
4319304312
4319354313
4319364311
4319374312
4319404314
4319504313
4319604314
4319704311
4319714308
4319734312
4319754310
4319804314
4319904313
4320004313
4320104311
4320204311
4320234312
4320264308
4320304312
4320324312
4320354313
4320404311
4320454308
4320504311
4320554313
4320574312
4320604311
4320654314
4320674308
4320704308
4320804311
4320854313
4320904311
4321004311
4321104313
4321204313
4321304308
4321324311
4321354313
4321404311
4321434313
4321454308
4321464311
4321474311
4321494314
4321504313
4321604313
4321624308
4321634311
4321664313
4321704313
4321804312
4321834313
4321854311
4321904311
4321954311
4322004313
4322104312
4322154311
4322184311
4322204314
4322254313
4322304312
4322324309
4322344312
4322354310
4322374314
4322404314
4322504310
4322524308
4322534308
4322544310
4322554311
4322604308
4322704308
4322804310
4322854308
4322904311
4323004313
4323104311
4323204311
4323304310
4323354311
4323404311
4323454314
4323504311
4323604310
4323704311
4323754312
4323774308
4323804313
5000005000
5000205012
5000255010
5000605011
5000705010
5000805011
5000855011
5000905011
5001005012
5001105010
5001245011
5001505010
5001905012
5002005011
5002105010
5002155010
5002205010
5002305012
5002405011
5002605010
5002705010
5002805010
5002905012
5002955012
5003105010
5003155011
5003205009
5003255012
5003305010
5003455011
5003485010
5003505011
5003705011
5003755011
5003805011
5003905010
5004005011
5004105010
5004305011
5004405012
5004505011
5004605011
5004705011
5004805011
5004905010
5005005010
5005105011
5005155011
5005205009
5005255011
5005405010
5005605009
5005685011
5005705011
5005805010
5006005011
5006205011
5006255011
5006275012
5006305012
5006355011
5006405010
5006605011
5006905010
5007105010
5007205011
5007305010
5007405010
5007505010
5007555012
5007695010
5007705011
5007805012
5007905010
5007935010
5007955011
5007975011
5008005010
5008305012
5008405011
5100005100
5100105105
5100205104
5100255103
5100305101
5100355104
5100405101
5100505106
5100605101
5100805103
5101005104
5101205101
5101255102
5101305106
5101405106
5101605105
5101705106
5101805104
5101835103
5101855104
5101905106
5102505102
5102605104
5102635106
5102675101
5102685102
5102695104
5102705104
5102795103
5102855106
5103005105
5103055103
5103105104
5103205103
5103255106
5103305102
5103355104
5103365102
5103375106
5103405105
5103435102
5103455106
5103505106
5103605101
5103705103
5103805102
5103855104
5103905104
5103955102
5104105103
5104205101
5104505102
5104525103
5104545103
5104555103
5104605101
5104805101
5104905105
5105005102
5105105103
5105155106
5105175106
5105205101
5105235102
5105255103
5105305104
5105505102
5105585103
5105605103
5105625102
5105905106
5106005106
5106105105
5106155103
5106175104
5106185102
5106195103
5106205105
5106215103
5106225103
5106235106
5106245103
5106255104
5106265103
5106275103
5106285104
5106295103
5106305101
5106315104
5106375101
5106425103
5106455105
5106505105
5106655104
5106705104
5106755102
5106775104
5106805103
5106825102
5106855106
5107005101
5107045101
5107065104
5107105102
5107155102
5107185104
5107195104
5107205102
5107245103
5107265106
5107295101
5107305106
5107355104
5107405101
5107575102
5107605101
5107705106
5107745104
5107755102
5107765103
5107775104
5107795101
5107805105
5107855104
5107875106
5107885104
5107905103
5107925103
5107945103
5107955106
5108005103
5108055103
5108105101
5108205104
5108305103
5108355102
5108405105
5108505103
5108605104
5108805103
5108855106
5108905106
5108955103
5200005200
5200055208
5200105209
5200135206
5200155208
5200175207
5200205210
5200255207
5200305209
5200505210
5200555209
5200605207
5200805207
5200825209
5200855208
5200905208
5201105209
5201205210
5201305208
5201405210
5201455206
5201505206
5201605208
5201705208
5201805210
5202155208
5202355208
5202505208
5202605208
5202805208
5203105208
5203205209
5203305210
5203405208
5203505210
5203555210
5203575209
5203605208
5203805208
5203905210
5203935208
5203965207
5204005207
5204105206
5204205208
5204255210
5204305206
5204405206
5204505210
5204555210
5204605208
5204655209
5204705209
5204805210
5204855209
5204905207
5204955209
5205005209
5205055206
5205105210
5205205208
5205305207
5205405209
5205455210
5205475206
5205495207
5205515209
5205525209
5205705208
5205805209
5205905210
5206205207
5206305210
5206405209
5206505210
5206605210
5206705207
5206805208
5206905210
5207105208
5207255206
5207355210
5207405210
5207505209
5207535208
5207605208
5207805208
5207905207
5208005207
5208105209
5208155209
5208305207
5208405209
5208505210
5208605209
5208705208
5208805208
5208905208
5209105210
5209155210
5209205208
5209295208
5209405207
5209455209
5209605208
5209705210
5209805209
5209905207
5209935210
5209955210
5210005208
5210105210
5210155209
5210205208
5210305208
5210405208
5210565208
5210605209
5210805206
5210905209
5211005208
5211205208
5211305206
5211405208
5211505210
5211605208
5211705210
5211805209
5211905206
5212005208
5212055208
5212105210
5212205208
5212255206
5212305210
5212505207
5212605210
5212705207
5212805209
5212905210
5212955208
5213005206
5213055209
5213085209
5213105206
5213405208
5213505207
5213705208
5213755206
5213775209
5213805210
5213855209
5213905208
5214005208
5214055209
5214105209
5214405208
5214505208
5214605209
5214705209
5214805210
5214835208
5214865209
5214875209
5214905207
5215005208
5215205208
5215235207
5215255209
5215305210
5215405208
5215505210
5215605209
5215655208
5215705208
5215805210
5215905208
5216005210
5216305206
5216405208
5216455206
5216805208
5216905209
5217105210
5217205208
5217305209
5217405210
5217605207
5217705210
5218005209
5218055206
5218105206
5218305207
5218395210
5218505206
5218605209
5218705209
5218785210
5218805206
5218905209
5219005208
5219105208
5219205210
5219255208
5219305206
5219355209
5219405206
5219455209
5219505208
5219605209
5219705209
5219715206
5219735208
5219755207
5219805207
5219905208
5220005207
5220055208
5220105208
5220155209
5220205209
5220265210
5220285209
5220405206
5220455210
5220505206
5220605210
5220685207
5220705207
5221005208
5221085207
5221195209
5221305210
5221405208
5221455209
5221505208
5221555206
5221575209
5221605209
5221705209
5221805210
5221855207
5221905210
5222005210
5222055210
5222205207
5222305209
5300005302
5300105302
