000000000
110001100
110011102
110021101
110031101
110031102
110041102
110051101
110061101
110071101
120001200
120011201
120021201
120031201
130001300
130011304
130021304
130031303
130041303
130051303
130061304
130071302
130081302
130091302
140001400
140011401
140021401
150001500
150011509
150021510
150031509
150041509
150061512
150071511
150081511
150091511
150101510
150111512
150121510
150131512
150141512
160001600
160011601
160021601
160031601
170001700
170011701
170021701
170031702
170041701
170051702
170061702
170071702
170081702
210002100
210012109
210022110
210032109
210042109
210052111
210062110
210072111
210082109
210092110
210102111
210112110
210122111
210132110
210142110
210152111
210162110
210172111
210182110
210192110
220002200
220012208
220022210
220032209
220042208
220052209
220062210
220072210
220082207
220092207
220102207
220112210
220122207
230002300
230012310
230112309
230232308
230242307
230252306
240002400
240012402
240022401
240032402
240042402
240052402
240062401
240072402
240082401
250002500
250012503
250022503
250032502
250042502
250052502
250062501
250072501
250082501
250092501
250102501
250112501
250122503
250132501
250142503
250152502
250162502
260002600
260012606
260022606
260032608
260042608
260052607
260062607
260072605
260082607
260092605
260102607
260112605
260122606
270002700
270012704
270022704
270032704
270042704
270052704
270062704
270072703
270082703
270092703
270102703
280002800
280012801
280022801
280032801
280042801
280052801
280062801
280072801
290002900
290012914
290022912
290032911
290042915
290052915
290062917
290072911
290082912
290092910
290102918
290112917
290122910
290132911
290142918
290152910
290162913
290172913
290182916
290192914
290202915
290212912
290222915
290232917
290242913
290252917
290262916
290272910
290282911
310003100
310013116
310023116
310033115
310043101
310063115
310073115
310083101
310093116
310103101
310113101
310123101
310133102
310153102
310163103
310173103
310183103
310193103
310203103
310213103
310223103
310233103
310243103
310253103
310263104
310273104
310283105
310303105
310313105
310323105
310343114
310353114
310363106
310373114
310383106
310403106
310413107
310423107
310443107
310453107
310463107
310473107
310483107
310503108
310513108
310523108
310533108
310553108
310573109
310583109
310593110
310603110
310613110
310623111
310643104
310653111
310663111
310673111
310683111
310703112
310713112
310723112
310733113
310743113
310753113
310763108
310773109
310783102
310793102
310823109
310833108
310843108
310853108
310863105
310873105
310883105
310893105
310903107
310913116
310923116
310933116
310943111
310953104
310963111
310973107
310983108
310993111
311003108
311013108
311023106
320003200
320013209
320023207
320033209
320043205
330003300
330013312
330023312
330033312
330043312
330053312
330063312
330073312
330083312
330093312
350003500
350113525
350123524
350133523
350143522
350153534
350163521
350213531
350223531
350233531
350313535
350323535
350333535
350413520
350513530
350523530
350613518
350623518
350633518
350643518
350653518
350713527
350723528
350733527
350743528
350813530
350823530
350833530
350913533
350923533
350933533
350943533
350953533
351013529
351023529
351033529
351043529
351113532
351123532
351133532
351143532
351153532
351213520
351313530
351323530
351333530
351413528
351423528
351433528
351513531
351523531
351533531
351543531
351553531
351563531
351573531
351613519
351623519
351633519
351713526
351723526
351733526
351743526
410004100
410014107
410024107
410034107
410044107
410054107
410064107
410074108
410084108
410094108
410104108
410114106
410124106
410134106
410144106
410154106
410164105
410174105
410184105
410194105
410204108
410214107
410224105
420004200
420014213
420024213
420034213
420044216
420054215
420064216
420074214
420084217
420094217
420104217
420114211
420124211
420134218
420144210
420154210
420164210
420174211
430014314
430004300
430024314
430034314
430044313
430054313
430064313
430074313
430084313
430094313
430104313
430114312
430124312
430134312
430144312
430154311
430164311
430174311
430184311
430194311
430204311
430214309
430224309
430234310
430244310
430254310
430264310
430274308
430284308
430294308
430304308
500005000
500095010
500105009
500115010
500125011
500135012
500145012
500155010
500165011
500175011
510005100
510015103
510025105
510035104
510045106
510055104
510065104
510075106
510085106
510095104
510105103
510115102
510125102
510135101
510145103
510155103
510165103
520005200
520015208
520025210
520035207
520045207
520055210
520065207
520075207
520085209
520095208
520105208
520115209
520125208
520135209
520145209
520155206
520165206
520175210
520185209
530005301
530015302
